3 2 1 1 8 1 1 1 1 2 0 5 1 4 4 1 2 2 1 24 2 0 1 2 1 2 8 0 2 0 8 3 0 4 0 1 0 4 6 3 2 0 3 3 2 0 0 2
8 0 0 2 10 3 0 1 1 2 0 4 1 4 4 1 3 6 3 25 2 0 0 5 5 2 6 1 0 0 8 1 0 2 5 3 3 4 2 0 3 5 3 1 3 1 3 3
4 3 0 2 6 3 6 8 1 3 2 3 2 0 0 5 1 3 4 20 1 2 0 0 6 2 7 1 4 2 8 5 1 3 6 3 4 5 2 2 1 8 3 3 3 0 1 1
8 0 2 3 3 4 3 7 1 2 4 1 2 0 0 4 0 6 3 6 1 1 0 0 5 6 3 5 6 4 8 7 5 4 5 4 3 3 4 0 4 4 3 2 3 2 4 3
0 2 1 0 9 1 0 0 1 1 0 5 1 6 5 0 0 1 4 25 2 0 0 5 3 5 7 3 2 6 3 2 2 2 7 2 0 0 2 0 6 6 3 1 3 2 5 3
1 1 1 2 5 2 3 5 1 2 2 3 1 1 1 3 3 4 3 12 5 2 4 1 5 7 5 6 6 0 6 6 6 4 5 3 0 5 3 2 7 6 3 3 3 0 1 3
5 0 1 2 10 1 4 5 1 1 0 5 0 0 0 3 4 5 2 36 3 2 0 0 3 5 6 4 7 4 8 7 4 4 4 1 2 4 2 3 5 3 3 4 3 0 0 2
0 1 2 1 7 2 1 2 1 1 0 4 1 4 4 1 2 0 1 34 4 2 4 4 4 1 8 0 5 0 7 5 0 0 3 2 5 7 2 4 3 5 3 3 0 0 0 0
5 3 0 2 5 4 4 7 1 3 2 4 2 0 0 4 1 5 4 64 3 2 6 0 5 1 0 2 8 1 8 9 2 4 4 4 5 7 4 3 5 7 3 3 2 0 0 0
5 0 1 2 6 4 5 7 1 2 2 3 1 0 0 4 3 4 3 23 5 2 0 0 5 3 5 2 8 0 4 5 2 4 3 3 5 6 5 3 7 3 3 3 2 0 0 1
0 2 1 0 0 0 0 2 1 1 2 3 1 4 3 1 3 2 1 32 2 2 1 3 3 9 2 6 0 0 4 0 3 3 0 1 5 6 4 4 3 0 3 4 0 0 0 0
5 0 0 3 8 1 1 3 1 3 2 4 2 4 4 2 2 6 3 6 3 0 2 3 4 3 3 3 7 0 8 8 3 4 4 3 3 4 4 1 5 3 3 3 3 1 2 3
7 1 2 2 10 1 2 3 1 1 0 5 2 4 4 2 1 5 4 58 2 0 5 0 1 6 2 6 6 2 8 6 6 3 5 3 4 2 3 0 3 3 3 1 3 1 4 2
6 2 0 3 5 4 6 8 1 3 3 3 3 0 0 5 3 5 3 27 1 1 3 0 6 7 3 6 1 0 7 2 4 2 5 3 5 5 3 2 3 6 3 1 3 0 1 1
1 2 0 3 10 2 4 6 1 2 1 4 1 0 0 4 1 2 2 50 2 2 0 0 4 0 7 0 2 4 7 3 0 6 2 3 0 6 0 2 7 2 3 3 3 0 0 4
0 0 0 1 1 1 1 4 1 1 2 3 2 2 2 3 4 0 0 12 4 2 6 2 5 2 6 1 1 0 8 2 0 5 1 1 5 6 3 4 7 1 3 4 0 0 0 0
3 0 1 1 5 1 2 4 1 2 1 4 1 2 2 3 3 3 2 31 1 1 4 1 4 8 5 6 8 1 8 8 6 6 5 1 3 5 4 4 7 6 3 3 1 0 0 1
1 4 1 2 8 1 3 5 1 1 1 4 0 0 0 3 4 2 2 52 2 2 0 0 3 3 6 2 4 3 8 5 2 4 2 3 5 6 4 3 6 2 3 3 2 0 0 0
3 2 0 2 5 4 6 8 1 2 2 3 2 0 0 5 3 4 4 5 1 2 1 0 7 4 5 3 8 0 7 7 3 4 5 4 1 3 5 0 4 4 3 4 3 1 4 2
0 3 2 1 3 3 1 3 1 1 2 1 1 3 1 2 2 0 0 55 2 1 5 0 1 1 3 1 2 0 5 2 0 5 0 0 2 5 2 4 4 0 3 4 0 0 0 2
0 2 0 1 2 3 2 5 1 2 2 2 2 1 1 3 3 2 3 21 2 0 2 1 5 0 7 0 4 0 8 5 0 7 1 3 3 7 2 4 1 2 3 6 1 0 0 3
7 4 0 3 8 0 1 3 1 2 2 4 2 4 4 2 4 4 3 25 3 1 0 4 5 5 6 4 7 0 8 8 4 4 5 5 2 5 2 0 5 6 3 1 3 2 5 3
6 4 0 3 8 1 0 2 1 4 2 5 3 5 5 2 3 4 1 21 2 0 0 3 4 0 7 0 1 0 5 1 0 7 0 1 5 8 3 4 5 1 3 5 0 0 0 0
0 3 2 0 5 4 2 2 1 2 0 5 1 4 4 1 2 1 2 3 2 2 0 4 5 2 2 2 3 2 6 3 1 5 3 3 1 5 2 2 5 2 3 3 3 0 1 2
6 4 2 2 7 2 3 5 1 4 1 5 3 3 3 3 0 5 4 35 4 0 0 2 6 2 4 1 7 4 4 4 1 5 2 3 1 7 4 4 4 3 3 4 1 0 0 4
7 4 1 2 5 1 3 6 1 2 2 3 1 0 0 4 2 6 4 46 3 1 5 0 4 3 0 4 8 2 5 6 4 4 5 3 1 4 5 0 7 5 3 3 3 1 1 4
5 4 1 3 6 1 3 6 1 2 3 2 2 0 0 4 3 5 3 61 2 1 3 0 4 7 4 6 8 0 7 7 6 4 5 2 1 2 4 0 4 3 3 1 3 1 2 3
6 4 0 3 10 0 1 3 1 3 1 6 2 4 4 2 3 5 3 2 2 2 4 4 6 6 1 6 0 0 8 1 4 2 7 2 0 5 2 3 4 8 3 2 3 0 0 3
3 2 0 2 3 4 2 5 1 2 3 2 1 0 0 3 2 2 3 0 1 2 0 0 3 5 5 4 4 0 8 5 4 1 5 1 4 5 2 4 0 6 3 1 1 0 0 1
2 4 0 1 8 3 3 3 1 2 0 4 3 5 4 2 3 1 2 21 2 1 0 4 5 8 0 6 0 2 8 1 4 8 3 3 4 7 2 4 2 5 3 4 1 0 0 2
0 0 1 1 5 4 2 3 1 2 1 4 2 4 4 2 2 1 2 63 4 0 5 0 1 6 8 3 7 1 6 6 3 4 0 3 4 3 5 0 7 0 3 2 3 1 2 1
0 3 2 0 6 4 2 2 1 2 0 5 2 4 4 1 3 2 3 47 3 0 0 3 3 6 5 5 4 0 8 5 5 4 3 4 3 2 5 0 3 1 3 2 3 2 4 2
7 1 2 2 0 4 4 8 1 2 4 1 2 0 0 5 3 6 3 30 0 0 1 0 6 6 6 4 4 0 5 4 3 3 3 4 0 8 3 4 1 6 3 2 0 0 0 3
8 4 1 3 7 0 2 5 1 1 2 3 0 0 0 3 1 5 4 55 3 2 0 0 3 3 5 2 2 5 4 2 1 5 3 5 4 5 2 0 3 2 3 2 3 2 5 1
1 3 1 1 2 1 1 3 1 1 2 3 0 1 1 2 4 3 2 3 3 2 6 1 2 2 0 3 7 1 8 8 3 5 1 3 3 4 3 0 7 0 3 1 3 1 2 3
5 0 0 2 10 3 5 6 1 3 0 5 2 1 1 4 3 6 3 50 3 1 1 1 5 8 1 6 5 3 7 5 5 6 3 6 1 5 1 0 6 2 3 3 3 2 3 3
7 2 0 3 4 1 1 5 1 3 3 3 3 2 2 3 1 5 3 24 3 2 1 2 5 7 5 6 5 0 8 6 6 4 5 3 5 6 5 4 5 7 3 3 2 0 0 0
2 4 1 0 10 1 0 0 1 1 0 5 1 6 5 0 3 1 0 56 3 1 0 6 4 0 8 0 1 0 8 2 0 5 1 1 2 6 4 4 0 1 3 5 0 0 0 2
3 4 0 2 1 4 4 8 1 2 3 2 2 0 0 5 3 3 3 36 3 0 0 0 7 0 8 0 4 3 8 5 0 4 3 4 4 8 3 4 3 6 3 4 0 0 0 2
3 4 0 1 1 4 3 6 1 2 2 3 2 1 1 4 3 1 1 19 1 2 2 1 6 8 0 6 0 0 8 1 4 5 2 2 0 7 4 4 7 2 3 5 0 0 0 3
2 3 0 1 2 3 2 4 1 2 2 2 2 3 2 3 0 0 2 54 2 1 1 2 5 5 8 3 5 3 8 6 3 5 4 1 5 7 4 4 3 6 3 2 0 0 0 1
4 3 1 2 10 2 3 4 1 2 0 5 2 3 3 3 4 2 0 7 3 0 3 0 2 2 2 2 1 0 6 2 1 3 0 1 4 6 1 4 5 0 3 3 0 0 0 0
4 0 0 2 5 3 3 5 1 2 2 2 2 1 1 3 3 4 3 56 2 1 0 1 4 5 7 3 4 0 8 5 3 4 2 4 5 4 4 0 1 1 3 4 3 1 4 1
4 3 0 2 10 1 1 2 1 2 0 5 1 4 4 1 3 4 3 19 2 2 0 4 5 8 7 5 2 0 3 2 4 4 5 3 4 4 6 1 4 5 3 2 3 1 1 1
2 0 1 0 4 0 0 1 1 1 0 5 1 5 5 1 2 1 2 51 2 0 5 0 0 0 6 0 3 0 6 3 0 4 0 2 1 5 3 3 1 0 3 2 3 0 0 3
2 1 0 1 5 4 1 2 1 1 1 4 1 4 4 1 1 2 3 65 4 1 0 4 4 0 0 1 7 2 8 7 1 5 2 4 0 6 3 2 4 2 3 3 3 0 0 5
3 3 0 1 3 1 2 4 1 2 2 3 1 1 1 2 2 3 4 6 1 1 1 2 4 9 4 6 4 1 7 4 5 4 6 3 2 3 4 0 0 7 3 3 3 1 3 4
5 1 2 3 6 3 7 8 1 3 3 2 2 0 0 5 1 5 4 58 3 2 0 0 6 2 0 3 6 2 8 7 3 4 4 5 1 5 4 0 5 4 3 3 3 1 4 2
3 2 1 1 3 0 0 2 1 2 2 4 2 5 4 1 0 3 4 54 2 2 0 4 4 1 5 0 5 3 8 6 0 5 2 3 5 8 4 4 3 4 3 3 0 0 0 0
8 0 0 2 9 2 2 3 1 2 1 4 2 4 4 2 0 5 4 26 3 0 0 4 6 5 2 5 8 3 6 7 5 5 4 4 5 7 3 3 4 7 3 3 2 0 0 1
1 2 1 2 5 2 3 5 1 2 2 3 1 1 1 3 4 1 3 22 3 0 0 2 5 6 6 4 6 2 8 7 4 7 4 4 1 6 5 2 7 5 3 4 3 0 0 2
4 3 1 2 9 4 0 1 1 3 1 5 2 5 5 1 0 4 3 14 1 1 0 6 5 1 2 1 2 5 7 3 0 2 5 2 4 6 2 4 4 7 3 1 1 0 0 1
8 2 0 2 10 2 0 1 1 3 0 6 2 5 5 1 0 5 5 39 5 2 0 5 5 0 5 0 0 6 7 1 0 4 6 3 1 4 3 0 2 7 3 1 3 1 2 3
2 2 0 0 10 1 0 0 1 2 0 5 1 6 5 0 3 3 3 60 3 2 0 5 4 2 4 1 1 0 8 2 0 3 4 2 1 3 2 2 1 2 3 4 3 1 1 4
6 3 1 2 4 3 6 8 1 3 2 3 2 0 0 5 3 5 4 36 3 2 0 0 6 0 8 0 1 0 8 2 0 5 3 4 4 8 2 4 4 6 3 2 0 0 0 3
2 4 1 1 7 1 0 1 1 1 0 5 0 3 3 0 2 2 1 40 3 1 0 2 1 2 6 1 8 0 8 9 1 3 2 2 1 5 6 3 2 2 3 1 2 0 0 3
2 0 2 1 2 4 2 4 1 2 2 3 1 2 2 3 4 2 2 45 2 0 2 2 4 7 5 6 4 0 8 5 5 5 3 2 4 6 1 4 5 3 3 4 1 0 0 1
7 1 0 2 2 4 0 3 1 2 3 2 1 2 2 2 2 5 3 36 3 1 0 1 2 8 2 6 7 3 5 5 5 4 4 4 1 3 2 0 6 2 3 1 3 2 5 4
0 1 1 0 2 3 2 4 1 2 1 3 2 2 2 3 2 0 3 35 5 2 4 2 5 8 5 6 7 0 5 5 5 4 5 4 3 5 3 1 7 6 3 1 3 1 3 3
4 3 2 1 3 1 2 4 1 2 2 3 2 2 2 3 4 5 2 2 2 0 6 0 2 7 3 6 0 0 8 1 4 2 3 2 2 4 2 1 6 2 3 3 3 0 1 3
6 1 2 2 1 1 5 8 1 3 3 3 3 0 0 5 4 5 1 4 1 0 0 1 8 2 3 2 0 0 8 1 1 2 2 3 5 7 3 4 7 3 3 4 1 0 0 1
1 2 0 2 3 3 7 8 1 1 3 0 1 0 0 5 1 3 3 63 3 1 6 0 7 9 8 5 2 4 4 2 4 4 3 4 5 6 5 1 0 3 3 2 3 0 0 1
4 2 2 2 1 2 4 8 1 3 3 3 2 0 0 5 2 5 4 52 3 0 0 0 6 7 5 6 6 1 8 7 6 4 6 5 0 3 4 0 6 7 3 1 3 2 3 4
3 2 1 1 1 1 3 6 1 2 2 3 1 0 0 4 2 3 2 14 1 1 4 0 4 9 4 6 1 0 8 2 4 2 4 1 4 6 2 4 4 5 3 2 0 0 0 2
8 4 1 1 3 1 4 6 1 2 2 3 2 1 1 4 1 6 4 44 3 2 0 1 5 2 5 1 5 4 5 4 1 5 5 5 0 4 3 0 3 5 3 1 3 2 4 4
5 4 0 3 2 0 2 6 1 2 4 2 1 0 0 4 4 4 3 44 2 1 0 0 4 1 8 0 8 0 8 9 0 5 4 4 1 6 3 1 3 5 3 2 3 0 0 3
8 4 1 2 2 2 7 8 1 2 3 2 1 0 0 5 3 6 3 27 2 1 0 0 7 4 1 4 4 0 2 2 3 2 4 3 3 6 2 3 7 5 3 5 3 0 0 2
8 2 2 2 7 0 1 3 1 2 1 5 2 3 3 2 1 6 3 55 2 0 0 3 4 3 3 3 0 2 8 1 2 6 3 2 0 5 2 3 3 2 3 4 3 0 0 5
8 1 2 1 2 4 7 8 1 2 2 3 2 0 0 5 0 6 4 37 2 1 1 0 6 9 1 6 6 4 5 5 5 5 2 5 3 8 4 4 2 4 3 3 1 0 0 2
4 3 2 2 8 0 1 2 1 3 1 6 2 5 5 1 3 4 3 60 3 0 0 7 7 0 8 0 4 0 8 5 0 3 6 3 3 5 2 1 7 8 3 3 3 0 1 2
7 3 0 2 0 3 2 6 1 2 4 0 1 0 0 4 4 6 3 38 1 1 3 0 4 2 5 1 8 5 5 6 1 4 5 3 4 2 4 0 7 3 3 3 3 1 4 2
6 4 2 2 8 0 1 3 1 2 1 5 1 2 2 2 0 5 4 61 2 1 0 1 2 0 5 0 8 6 4 5 0 3 4 4 2 2 4 0 5 2 3 1 3 2 4 3
7 3 2 2 0 4 7 8 1 2 4 1 2 0 0 5 0 5 4 40 3 0 0 0 6 7 4 6 4 2 8 5 5 5 3 6 1 6 5 0 4 3 3 1 3 2 4 3
1 1 0 2 10 2 3 4 1 1 0 4 0 0 0 2 0 2 4 29 4 2 1 0 2 5 5 4 3 5 6 3 3 4 3 4 3 5 4 0 4 2 3 4 3 1 2 2
5 0 1 2 0 4 6 8 1 2 4 1 2 0 0 5 4 5 2 64 3 1 0 0 7 7 2 6 6 0 8 7 6 2 4 1 1 6 4 4 7 5 3 4 0 0 0 3
2 0 1 1 3 0 0 2 1 2 2 4 2 4 4 1 4 2 3 48 2 0 0 0 0 8 1 6 8 4 5 6 6 4 3 3 0 2 5 0 3 1 3 1 3 1 3 3
4 0 0 3 9 4 4 6 1 3 2 4 1 0 0 4 2 5 4 28 4 1 3 0 4 6 1 6 6 2 7 6 6 3 5 2 5 6 4 4 3 7 3 1 1 0 0 0
6 0 0 3 8 4 7 8 1 4 2 5 4 0 0 5 1 5 4 2 3 2 0 0 6 4 1 4 6 5 4 4 3 1 5 6 4 5 2 0 4 6 3 1 3 2 3 2
4 2 0 3 5 4 1 4 1 1 3 2 1 1 1 2 3 3 1 38 1 1 0 1 3 0 4 0 7 0 7 7 0 5 1 1 4 6 5 4 7 1 3 5 0 0 0 0
2 4 1 0 8 1 1 1 1 1 0 5 1 4 4 1 2 2 3 33 2 2 0 4 4 1 7 0 7 1 8 8 0 3 2 4 1 4 4 0 5 1 3 1 3 1 4 3
3 3 1 2 2 1 1 4 1 1 3 2 1 2 2 3 2 1 4 59 2 2 1 2 4 2 7 1 8 2 8 8 1 4 3 3 1 6 4 3 2 3 3 2 2 0 0 4
7 1 2 2 1 2 3 7 1 2 3 2 2 0 0 4 1 6 4 55 3 1 6 0 5 7 1 6 1 1 8 2 4 5 2 4 4 7 2 2 7 2 3 3 3 0 0 2
4 4 0 3 2 3 1 6 1 3 4 1 3 1 1 4 2 5 3 58 2 1 2 0 4 8 0 6 6 0 8 7 6 4 3 3 0 5 4 2 6 2 3 3 3 0 0 4
8 0 2 2 8 0 1 2 1 1 1 4 1 3 3 1 3 6 3 25 1 1 2 2 2 2 2 2 3 0 8 4 2 2 5 2 0 5 3 3 5 6 3 1 3 0 0 4
1 1 1 2 4 0 1 4 1 1 2 3 1 1 1 2 4 2 3 59 2 0 3 0 2 5 5 4 5 0 8 6 4 3 5 2 5 3 4 0 2 4 3 1 3 0 1 1
4 0 2 2 4 4 4 7 1 2 2 3 1 0 0 4 2 3 2 11 1 2 1 0 5 7 6 5 3 0 6 3 4 3 3 3 0 6 3 3 7 3 3 3 3 0 0 3
0 2 2 0 10 2 1 0 1 1 0 4 1 6 4 0 1 1 4 19 2 2 4 4 3 4 0 6 0 1 7 1 4 3 5 3 2 3 6 0 1 4 3 1 3 1 2 3
0 4 2 1 6 3 2 3 1 2 1 3 2 4 3 2 1 1 1 45 2 2 0 3 4 0 8 0 4 1 8 5 0 6 1 1 2 6 3 4 1 1 3 5 0 0 0 2
8 4 1 2 9 4 3 4 1 2 1 4 2 3 3 3 0 6 4 66 5 2 1 3 6 7 5 6 6 2 8 7 6 3 5 4 4 7 1 2 3 8 3 1 3 0 0 1
2 4 2 0 7 0 0 0 1 1 0 5 1 5 5 0 3 0 2 40 3 2 1 5 4 4 4 3 1 3 7 2 2 4 1 2 2 8 5 4 2 2 3 5 0 0 0 3
2 2 1 0 9 3 2 1 1 1 0 3 1 4 3 0 0 2 4 36 4 0 0 2 2 2 5 1 0 3 8 1 0 5 2 5 4 6 3 0 4 2 3 1 3 1 2 1
6 2 2 2 6 1 3 5 1 3 2 4 2 2 2 3 1 5 4 5 2 0 1 0 3 4 8 2 7 3 8 8 2 4 5 5 4 3 4 0 0 4 3 1 3 2 3 2
4 3 0 2 5 4 7 8 1 2 2 3 2 0 0 5 1 3 2 65 3 2 0 0 6 1 6 0 5 3 7 5 0 5 1 6 3 7 3 0 7 2 3 5 3 1 4 2
6 1 2 1 6 0 0 1 1 3 1 6 2 5 5 1 1 4 4 9 1 2 0 5 4 1 1 1 2 3 8 3 0 4 3 5 3 7 4 2 6 4 3 1 3 0 0 3
3 3 0 3 1 2 4 8 1 2 4 1 1 0 0 5 4 3 3 6 1 1 1 0 7 4 2 4 7 0 4 4 3 4 3 3 3 8 4 4 6 6 3 3 0 0 0 2
2 3 1 1 7 1 0 1 1 1 0 5 0 3 3 0 4 1 1 60 3 1 0 4 4 8 8 5 6 0 8 7 5 3 3 1 3 4 3 3 0 2 3 2 2 0 0 1
8 2 0 3 7 2 5 8 1 3 2 4 2 0 0 5 0 6 3 35 5 2 0 0 6 0 5 0 1 5 4 1 0 3 3 4 3 4 5 0 7 2 3 4 3 1 3 1
1 0 0 1 2 1 2 4 1 2 2 3 2 2 2 3 4 3 3 23 4 1 0 0 2 5 7 3 1 0 4 1 2 5 3 3 1 5 4 2 5 2 3 1 3 0 0 3
5 1 1 2 5 3 3 5 1 2 2 2 2 2 2 3 2 5 4 60 3 0 0 4 8 6 8 3 5 0 8 6 3 3 5 4 5 5 3 0 5 6 3 3 3 1 3 0
5 3 1 3 4 3 6 8 1 3 3 2 2 0 0 5 1 6 4 3 2 1 0 0 6 1 3 1 2 3 8 3 0 5 3 4 5 5 2 0 3 2 3 4 3 1 3 1
6 3 2 2 5 3 2 5 1 3 2 3 3 3 3 3 0 5 4 16 3 2 0 3 6 7 3 6 5 5 3 3 5 7 4 2 0 5 2 3 7 4 3 3 3 0 0 4
3 1 0 2 9 0 0 1 1 2 1 5 1 5 5 1 4 1 0 46 4 1 0 6 5 4 6 3 0 0 6 1 2 5 1 1 4 6 6 4 6 1 3 3 0 0 0 0
5 2 0 2 0 3 3 7 1 2 4 0 2 0 0 4 2 5 3 16 3 1 4 0 5 5 4 4 3 0 8 4 3 8 3 3 5 7 2 4 7 4 3 4 1 0 0 1
0 0 1 0 6 2 1 1 1 2 0 5 1 5 5 1 4 0 1 22 4 0 2 2 2 0 8 0 7 0 5 5 0 8 0 1 5 6 4 4 5 0 3 5 0 0 0 0
5 4 0 3 9 3 6 8 1 3 2 3 2 0 0 5 0 5 4 12 4 0 0 1 8 7 2 6 2 4 6 3 5 4 3 6 0 6 3 0 7 3 3 2 3 2 5 3
0 2 2 1 0 1 1 4 1 2 3 2 2 3 2 3 3 0 0 54 2 1 1 3 5 8 2 6 5 0 8 6 6 3 1 1 3 6 4 4 6 1 3 3 0 0 0 1
0 0 1 1 5 4 1 2 1 1 1 4 0 2 2 1 3 1 1 10 3 0 0 1 1 2 6 1 8 4 5 6 1 5 0 1 5 6 3 4 5 0 3 5 0 0 0 0
6 4 2 2 10 4 3 4 1 2 0 5 1 2 2 3 0 6 5 56 2 1 1 2 5 3 2 3 2 6 3 2 2 4 5 5 4 2 5 0 5 3 3 2 3 2 3 1
4 3 0 3 1 2 2 7 1 3 4 2 2 0 0 4 0 4 2 23 5 2 0 0 5 9 6 6 8 2 8 8 6 4 6 0 4 4 5 4 6 7 3 3 0 0 0 2
2 0 0 0 8 1 1 1 1 2 0 5 2 6 5 1 4 0 0 26 2 2 3 5 4 9 5 6 3 0 4 3 5 5 3 0 4 7 3 4 3 5 3 5 0 0 0 1
0 4 1 0 5 0 0 0 1 1 0 5 0 4 4 0 1 0 1 43 2 2 0 4 2 8 7 5 1 3 3 1 3 5 1 2 5 6 2 4 0 1 3 4 1 0 0 0
3 2 1 2 4 2 4 7 1 1 2 2 1 0 0 4 0 4 4 7 3 0 0 0 5 3 4 2 2 5 8 3 1 3 5 5 3 4 1 0 4 5 3 2 3 2 4 3
1 3 0 2 10 0 1 2 1 2 0 6 1 3 3 1 3 3 1 2 2 2 4 3 3 3 2 3 6 0 8 7 3 2 1 1 3 8 2 4 4 2 3 2 0 0 0 1
0 3 1 0 7 4 2 2 1 0 0 4 0 2 2 1 2 0 0 0 1 0 2 0 0 5 4 4 7 0 8 8 4 1 0 1 4 6 2 4 1 0 3 1 0 0 0 0
7 4 1 2 8 0 2 4 1 1 1 4 1 1 1 2 2 6 4 40 3 0 6 0 2 6 5 5 2 2 6 3 4 4 2 2 5 6 4 4 6 2 3 1 1 0 0 2
2 2 2 0 4 4 1 2 1 1 0 5 1 3 3 1 2 2 3 53 2 2 0 3 4 3 7 2 0 2 8 1 1 4 2 1 0 6 4 4 1 2 3 2 0 0 0 5
5 3 0 2 7 2 4 6 1 2 1 4 2 0 0 4 3 4 3 60 3 2 0 0 4 8 2 6 2 0 7 3 5 3 5 3 0 5 3 2 5 6 3 4 3 0 1 4
0 3 0 0 0 2 1 3 1 1 2 2 0 1 1 2 0 1 4 51 2 2 0 1 3 1 6 0 0 2 8 1 0 4 5 4 2 5 4 0 6 6 3 2 3 1 2 2
6 3 2 2 10 1 2 3 1 3 0 6 2 3 3 2 2 4 4 66 6 2 0 3 4 8 5 6 7 1 8 8 6 6 5 4 3 2 1 0 7 3 3 2 3 2 4 2
4 0 2 1 0 0 1 4 1 3 3 4 2 3 3 3 3 3 3 3 2 1 0 3 6 9 0 6 6 2 3 3 5 4 5 2 0 5 2 2 7 6 3 3 3 0 0 3
6 0 1 2 5 3 7 8 1 3 2 3 1 0 0 5 2 4 3 61 2 1 1 0 7 0 0 1 3 0 4 3 1 4 4 5 0 3 3 0 4 2 3 1 3 2 3 5
3 0 0 1 10 2 3 3 1 3 0 6 2 4 4 2 1 2 4 58 3 1 1 5 7 7 2 6 4 3 7 4 5 3 6 3 0 5 4 1 5 8 3 3 3 0 0 3
3 1 0 2 5 0 1 3 1 2 2 4 1 2 2 2 4 3 3 52 3 1 0 1 2 3 3 3 8 0 8 9 3 3 3 3 4 4 3 1 2 2 3 1 3 1 2 2
2 2 2 1 1 4 2 5 1 1 2 3 1 1 1 3 2 2 1 26 2 0 0 4 7 3 7 2 0 0 6 1 1 5 1 3 3 7 3 4 5 2 3 4 1 0 0 2
4 0 2 3 5 4 7 8 1 3 3 3 2 0 0 5 1 5 4 3 1 2 0 0 7 9 7 6 5 0 8 6 6 5 5 4 2 4 2 0 5 5 3 2 3 2 5 2
0 0 2 1 6 3 0 1 1 1 1 2 1 5 2 0 1 2 5 25 2 0 4 0 0 1 5 0 8 4 8 8 0 3 3 3 0 2 2 0 2 1 3 1 3 2 5 4
2 4 0 1 9 1 1 1 1 1 0 5 1 4 4 1 0 2 4 19 2 2 0 4 4 9 3 6 7 5 2 3 5 4 5 2 0 3 5 1 2 4 3 1 3 0 0 3
1 4 0 1 3 0 0 2 1 2 2 4 1 4 4 1 3 1 3 57 0 1 0 6 6 6 2 6 4 0 8 5 5 4 6 3 0 5 1 1 2 8 3 3 3 1 1 4
2 3 2 0 5 1 1 1 1 0 0 4 1 4 4 1 1 1 2 25 2 2 6 4 3 5 3 4 3 4 8 4 3 3 4 2 5 5 2 3 4 4 3 3 3 0 0 0
7 1 0 2 5 0 0 3 1 1 2 3 1 2 2 2 3 5 3 21 2 0 1 1 3 0 1 0 0 0 3 0 0 7 1 4 0 7 2 3 6 2 3 4 3 0 0 3
6 2 0 2 9 3 3 4 1 3 1 4 3 3 3 3 3 5 3 51 3 0 0 3 5 2 7 1 2 0 7 3 0 4 4 3 3 6 4 3 6 5 3 1 2 0 0 3
0 3 1 0 6 3 1 1 1 2 0 4 2 5 4 1 0 0 3 57 1 2 0 4 4 4 7 2 7 1 8 8 2 3 5 4 2 2 1 0 5 3 3 1 3 2 4 3
7 3 2 2 2 4 7 8 1 3 3 3 2 0 0 5 4 6 3 31 1 2 6 0 7 2 3 2 8 0 8 9 2 5 5 4 0 3 5 0 7 4 3 1 3 1 4 4
7 0 1 2 6 2 3 5 1 2 2 3 1 0 0 3 3 5 3 49 0 2 1 0 3 2 5 1 2 0 8 3 0 5 2 3 5 5 4 2 4 2 3 3 3 0 0 0
5 4 0 3 2 0 1 6 1 2 4 2 2 0 0 4 4 5 2 7 2 0 4 0 4 7 1 6 6 0 7 6 6 3 4 5 1 4 0 0 7 3 3 1 3 2 4 4
6 1 0 1 10 0 1 1 1 2 0 6 1 4 4 1 4 5 3 15 2 0 4 0 0 6 1 6 2 0 8 3 5 5 2 4 3 3 3 0 2 1 3 2 3 2 4 2
8 1 2 2 7 4 7 8 1 2 1 4 1 0 0 5 2 5 4 64 4 1 4 0 6 5 0 6 4 0 7 4 5 3 6 3 3 5 3 2 3 8 3 1 3 0 1 3
8 2 0 3 0 3 7 8 1 3 5 0 3 0 0 5 2 6 4 51 2 1 2 0 6 9 6 6 3 2 8 4 5 4 5 5 2 4 4 0 0 5 3 1 3 2 4 2
0 2 0 0 9 1 0 0 1 1 0 5 1 6 5 0 3 0 1 55 2 1 1 5 4 0 6 0 5 1 8 6 0 5 2 1 3 6 2 4 1 2 3 4 0 0 0 0
4 0 1 3 8 4 5 7 1 3 2 4 2 0 0 4 2 4 2 28 4 0 1 0 5 6 5 5 7 0 6 6 5 4 3 1 5 6 5 4 5 3 3 4 0 0 0 0
3 4 2 1 4 1 4 6 1 2 1 4 1 0 0 4 0 2 4 40 3 1 0 0 4 8 3 6 0 3 8 1 4 5 4 3 3 5 5 2 7 4 3 4 3 0 0 3
4 4 2 2 9 1 4 5 1 2 1 4 1 1 1 3 3 4 3 54 3 0 4 0 3 2 0 3 3 0 7 4 2 4 3 3 2 5 4 2 5 2 3 2 3 0 0 3
1 2 0 2 4 1 3 6 1 2 2 3 1 0 0 4 1 3 2 60 3 0 4 0 4 4 1 4 3 2 7 4 3 2 4 4 4 5 3 0 7 4 3 1 3 1 3 0
2 1 1 0 3 4 3 4 1 1 1 4 1 1 1 2 0 1 3 26 2 0 1 2 5 1 2 1 3 2 3 2 0 5 1 6 5 8 3 3 5 2 3 1 3 0 0 0
8 2 1 2 1 4 0 4 1 2 3 2 2 2 2 3 2 5 3 7 4 2 0 2 4 2 0 3 3 0 6 3 2 3 3 3 0 4 0 0 4 2 3 2 3 1 4 3
3 4 1 2 5 1 4 7 1 2 2 3 2 0 0 4 3 1 0 42 4 0 0 0 5 1 8 0 2 0 8 3 0 4 1 3 1 5 3 2 7 1 3 3 3 0 1 3
3 2 2 2 8 4 5 6 1 1 1 4 1 0 0 4 4 4 2 50 3 0 3 0 4 3 0 4 3 0 8 4 3 6 3 4 1 5 1 0 7 2 3 2 3 1 4 3
1 2 1 1 9 4 4 4 1 2 0 5 1 1 1 2 4 2 1 6 1 0 0 1 4 4 3 4 0 0 8 1 2 4 2 1 3 5 4 4 2 1 3 3 1 0 0 2
3 3 1 2 3 4 4 7 1 2 3 2 1 0 0 4 2 2 1 21 1 2 2 0 5 7 6 5 1 2 8 2 4 8 1 2 0 6 1 4 7 1 3 5 1 0 0 3
7 1 1 3 0 0 2 7 1 2 5 1 2 0 0 4 1 5 4 42 3 1 2 0 5 8 1 6 5 2 5 4 5 5 5 4 0 4 4 0 3 5 3 2 3 1 4 5
8 1 0 3 8 1 2 4 1 2 2 3 1 1 1 2 0 5 4 51 1 1 3 0 2 4 8 2 8 0 8 8 2 4 2 4 2 5 4 1 2 1 3 1 3 1 2 3
5 1 1 2 10 1 3 4 1 2 0 5 2 2 2 3 3 6 3 62 2 0 0 0 2 0 8 0 8 1 4 5 0 4 5 2 1 1 4 0 5 2 3 3 3 1 3 5
4 0 1 2 0 0 0 4 1 1 4 1 0 0 0 2 4 4 2 32 2 2 0 0 2 7 0 6 6 0 8 7 6 3 2 3 5 5 4 1 7 1 3 1 3 0 0 0
3 0 2 1 7 0 1 2 1 1 0 5 1 3 3 1 0 2 5 38 1 2 2 3 3 2 1 2 3 2 8 4 2 4 6 3 3 2 5 0 2 6 3 1 3 1 3 2
1 1 0 2 4 2 3 6 1 1 2 2 1 0 0 4 3 3 3 50 2 1 0 0 4 4 3 4 6 0 8 7 4 6 3 4 2 6 2 2 2 3 3 4 3 0 1 3
4 3 1 3 9 3 7 8 1 2 2 2 2 0 0 5 2 5 4 58 3 2 3 0 7 4 6 3 2 0 8 3 2 4 5 4 1 4 3 0 7 5 3 1 3 1 4 4
6 2 0 2 9 0 1 2 1 3 1 6 3 5 5 1 1 6 4 61 3 1 1 5 5 5 4 4 5 1 3 3 3 5 6 2 5 4 3 2 1 7 3 2 3 0 0 0
2 4 1 1 10 1 1 1 1 1 0 5 0 3 3 0 0 1 2 4 2 0 0 3 2 9 7 6 1 3 8 2 4 3 3 3 3 3 3 0 5 2 3 1 3 1 3 0
5 2 2 2 5 4 6 8 1 3 2 4 2 0 0 5 3 6 3 34 3 1 4 0 6 3 1 3 3 6 5 3 2 1 4 3 3 6 2 3 5 5 3 3 3 0 0 1
2 0 2 1 10 3 2 2 1 1 0 3 2 5 3 1 2 1 4 24 3 0 0 1 1 5 6 4 7 0 8 8 4 3 2 3 2 5 6 2 7 1 3 1 3 0 0 3
5 1 0 2 8 0 0 2 1 1 1 4 0 2 2 1 2 5 4 57 1 0 3 0 0 0 3 0 2 0 8 3 0 5 1 3 2 2 0 0 0 0 3 1 3 2 5 3
4 1 2 2 5 4 0 2 1 3 2 4 2 5 4 1 2 4 3 55 3 1 3 3 3 2 3 2 4 0 8 5 2 5 3 3 5 5 2 1 4 2 3 3 3 0 1 0
6 1 2 3 2 4 7 8 1 2 4 1 2 0 0 5 3 5 3 8 1 1 4 0 6 7 7 5 8 0 8 9 5 4 3 4 1 5 1 0 5 2 3 3 3 1 4 4
4 2 2 2 6 1 4 6 1 2 2 3 2 0 0 4 2 4 4 48 1 2 5 0 4 8 2 6 3 0 8 4 5 3 5 3 4 5 3 2 3 6 3 2 3 0 1 1
4 3 0 2 8 3 7 8 1 2 1 3 1 0 0 5 1 6 4 16 1 0 1 0 7 6 4 5 1 2 8 2 4 7 5 5 1 3 1 0 3 4 3 2 3 2 3 3
5 2 1 2 1 3 3 7 1 2 3 1 2 0 0 4 1 5 4 6 2 2 5 0 5 0 7 0 8 1 8 9 0 4 2 4 1 4 3 0 2 1 3 3 3 1 4 4
7 3 0 4 10 1 2 5 1 2 2 3 2 2 2 3 4 5 1 63 2 0 3 1 4 1 4 1 7 0 8 8 1 4 4 3 3 6 5 3 7 5 3 3 2 0 0 1
2 3 2 1 3 0 0 2 1 1 2 3 1 3 3 1 2 3 3 11 1 2 0 3 4 0 5 0 5 0 8 6 0 3 2 3 5 5 2 1 3 2 3 4 3 0 1 1
4 2 2 2 0 2 6 8 1 3 4 2 2 0 0 5 1 4 5 44 2 2 0 0 7 8 5 6 2 3 8 3 5 6 7 3 3 1 3 0 1 7 3 2 3 2 4 2
3 0 2 1 2 4 2 4 1 2 2 3 1 2 2 3 0 3 4 12 4 1 0 3 5 5 2 5 2 5 3 2 4 4 4 3 3 5 3 0 7 4 3 3 3 0 1 2
6 1 1 1 2 3 7 8 1 3 2 3 2 0 0 5 3 5 4 2 2 2 3 0 6 2 1 2 6 0 8 6 2 2 5 4 5 5 2 0 4 6 3 1 3 1 3 0
2 0 2 0 5 3 1 2 1 2 0 4 2 5 4 1 3 2 1 35 4 2 4 4 5 5 2 5 1 0 7 2 4 4 2 2 1 5 4 3 4 1 3 4 3 0 0 2
8 1 1 2 8 4 2 3 1 2 1 4 2 3 3 2 4 6 3 6 2 1 0 3 4 2 8 0 3 4 8 4 0 4 1 3 3 6 4 3 6 1 3 3 2 0 0 2
7 1 1 2 5 1 1 3 1 2 2 3 2 3 3 2 0 4 3 19 2 0 2 0 1 5 2 5 8 4 7 7 5 5 1 4 4 5 5 1 4 1 3 3 3 1 2 1
7 3 1 3 4 3 7 8 1 2 3 1 2 0 0 5 2 3 3 29 2 1 2 0 6 9 1 6 3 1 8 4 5 3 4 4 0 6 5 3 4 5 3 3 3 0 0 4
6 4 2 2 8 1 3 4 1 4 1 6 3 4 4 3 3 6 3 40 4 2 1 4 7 1 1 1 1 3 8 2 0 4 2 5 1 6 6 0 6 2 3 3 3 1 1 4
4 1 1 3 8 3 0 3 1 2 2 2 2 3 2 2 4 4 3 55 2 2 0 2 3 4 4 3 0 5 6 1 2 5 2 3 1 5 2 1 5 1 3 1 3 0 1 3
5 1 1 1 9 4 7 7 1 2 0 5 2 0 0 4 2 5 4 14 1 2 0 0 5 9 8 5 1 1 8 2 4 3 5 2 3 4 2 0 0 5 3 2 3 0 1 2
8 2 0 3 5 3 2 5 1 2 3 1 1 1 1 3 1 5 4 31 1 2 1 1 4 1 3 1 7 4 4 4 1 5 3 3 5 8 4 4 4 6 3 2 0 0 0 0
6 1 1 1 3 2 7 8 1 3 2 4 2 0 0 5 4 4 1 31 1 1 6 0 6 8 4 6 8 0 8 8 6 5 3 1 3 6 4 4 7 3 3 5 0 0 0 1
8 0 2 2 5 2 5 8 1 1 2 2 0 0 0 5 1 5 4 50 2 1 0 0 6 0 4 0 1 2 5 1 0 6 4 4 5 7 1 3 6 6 3 3 3 0 0 0
3 4 0 3 4 1 2 6 1 2 3 2 1 0 0 4 2 2 3 48 2 2 1 0 4 7 4 6 8 0 8 9 6 4 4 1 1 5 4 4 0 4 3 4 1 0 0 4
7 3 1 3 9 2 2 4 1 2 2 3 1 2 2 3 4 5 2 56 2 0 2 1 3 1 0 2 5 0 8 6 2 4 1 4 5 6 3 1 7 1 3 2 3 0 0 0
3 0 1 2 7 4 7 8 1 2 1 4 1 0 0 5 0 2 1 60 2 1 0 0 6 5 0 6 4 3 6 4 5 4 2 4 4 7 3 3 7 2 3 3 2 0 0 1
6 1 0 2 9 1 3 4 1 4 1 6 3 4 4 3 4 6 3 64 3 1 0 6 9 8 3 6 3 0 4 3 5 3 5 5 3 5 4 0 7 6 3 2 3 1 4 2
5 2 0 1 6 0 0 1 1 1 1 4 1 4 4 1 1 6 3 37 3 1 4 2 2 1 7 0 6 2 5 5 0 5 2 3 4 5 4 2 1 1 3 2 3 0 0 2
3 2 0 2 7 0 1 3 1 2 1 5 0 1 1 2 2 2 1 35 4 2 0 1 3 9 2 6 2 0 8 3 5 4 2 1 2 4 4 4 6 1 3 4 2 0 0 3
6 1 1 2 8 0 0 2 1 3 1 6 2 4 4 1 4 6 2 12 4 2 2 4 4 8 0 6 3 0 8 4 5 4 5 2 4 4 4 2 7 5 3 2 3 0 0 1
0 2 0 1 8 3 2 3 1 1 0 3 0 1 1 2 4 1 0 33 3 0 0 0 1 3 1 3 6 0 7 6 3 3 0 2 1 5 4 3 6 0 3 4 3 0 0 3
0 4 0 1 2 2 1 3 1 2 2 3 1 2 2 2 3 0 0 18 2 0 2 1 2 8 0 6 7 2 8 8 6 4 2 0 0 3 2 3 5 1 3 2 1 0 0 3
3 2 0 2 8 3 7 8 1 1 1 2 0 0 0 5 1 2 4 3 1 2 2 0 6 7 2 6 5 0 8 6 6 5 5 4 1 6 2 2 7 7 3 3 3 0 1 3
3 4 1 1 3 1 0 2 1 2 2 3 3 5 3 1 3 2 1 43 2 1 0 3 3 2 3 2 7 0 8 8 2 5 2 1 0 6 2 4 0 2 3 3 0 0 0 3
0 1 1 0 7 2 1 1 1 1 0 4 1 5 4 1 3 0 1 37 3 1 0 4 3 7 2 6 4 0 5 4 5 5 1 0 5 7 5 4 1 2 3 5 0 0 0 1
6 4 2 2 8 2 3 4 1 4 1 5 3 4 4 3 4 5 1 10 4 0 3 2 5 0 6 0 0 1 7 1 0 5 1 2 1 5 3 3 7 1 3 3 3 0 0 3
0 3 2 1 6 3 1 2 1 1 1 2 1 4 2 1 1 0 1 20 0 0 0 3 4 9 6 6 0 3 8 1 4 2 1 2 3 6 2 4 0 1 3 3 1 0 0 2
5 1 0 3 9 4 5 7 1 2 2 3 2 0 0 4 1 5 4 40 3 0 0 0 5 8 0 6 7 2 6 6 6 4 6 4 1 4 5 0 2 7 3 2 3 1 3 3
4 4 1 2 10 1 2 3 1 2 0 5 2 4 4 2 0 4 4 12 4 0 3 1 2 7 2 6 1 3 4 1 4 5 2 5 1 5 3 0 7 2 3 2 3 2 5 3
6 0 0 2 5 3 5 8 1 4 2 3 2 0 0 5 1 4 2 7 2 2 0 0 7 6 8 3 5 3 7 5 3 2 5 2 1 7 2 4 7 8 3 2 0 0 0 2
2 3 0 1 9 1 0 0 1 2 0 5 2 7 5 0 0 2 4 29 3 2 4 5 4 5 6 4 8 4 5 6 4 5 3 4 5 6 5 2 2 3 3 3 3 0 0 0
6 4 0 3 0 3 0 5 1 3 5 0 2 1 0 3 2 4 4 24 3 1 4 0 3 2 0 3 2 0 6 3 2 3 4 2 3 4 6 3 2 3 3 2 3 0 0 2
3 3 0 2 9 1 3 4 1 2 1 4 1 2 2 3 0 4 3 57 1 0 3 0 2 9 4 6 4 5 1 1 4 5 2 5 5 5 1 0 6 2 3 1 3 2 5 1
0 1 1 0 0 0 0 2 1 1 2 3 1 4 3 1 0 0 2 18 3 1 0 4 4 8 7 5 5 5 3 3 4 5 3 3 4 6 3 3 4 3 3 3 3 2 0 1
6 4 1 2 10 0 1 2 1 3 0 7 2 4 4 1 3 4 4 2 1 2 0 4 4 8 1 6 7 1 8 7 6 3 6 3 1 3 2 0 4 7 3 1 3 1 4 2
5 3 1 2 3 2 3 6 1 3 3 3 3 1 1 4 4 6 3 58 2 0 2 0 4 1 6 0 3 0 4 3 0 4 3 3 2 6 4 3 5 3 3 2 2 0 0 3
4 4 1 2 8 3 3 4 1 3 1 4 2 3 3 3 3 4 3 23 5 0 2 0 2 2 2 2 3 0 8 4 2 4 2 4 0 5 5 0 7 1 3 4 3 1 2 4
8 3 2 1 9 4 3 3 1 2 0 5 1 2 2 2 0 6 5 43 1 0 0 4 6 6 0 6 4 6 3 3 5 5 7 4 1 1 2 0 1 7 3 2 3 2 3 4
4 3 0 3 5 1 0 4 1 3 3 3 3 3 3 3 1 5 3 37 3 1 0 3 6 1 8 0 3 0 8 4 0 4 5 2 0 4 3 3 7 5 3 1 3 0 0 4
3 0 0 1 10 4 5 5 1 2 0 5 3 3 3 3 1 3 4 26 2 2 1 3 7 8 8 5 6 3 5 5 5 5 4 6 3 7 4 0 5 7 3 1 3 1 3 2
2 4 1 0 2 0 0 2 1 1 1 4 1 4 4 1 4 2 1 13 5 0 2 3 4 6 8 3 1 5 6 2 2 3 2 1 1 6 5 4 6 2 3 5 0 0 0 3
2 1 0 0 6 0 0 0 1 2 0 6 2 6 6 0 3 1 0 29 3 2 6 6 4 3 4 2 6 0 8 7 2 4 2 1 4 6 4 4 1 2 3 4 0 0 0 0
5 1 0 2 4 4 2 5 1 2 2 3 1 1 1 3 3 5 3 43 3 1 3 0 3 4 0 6 4 4 4 3 5 5 3 3 2 4 2 0 4 2 3 1 3 1 3 1
3 0 1 1 7 1 3 4 1 2 0 5 1 2 2 3 0 2 2 35 4 1 1 3 5 7 5 6 1 3 7 2 4 4 4 4 1 6 4 2 7 5 3 1 3 0 0 3
2 3 0 0 3 4 1 2 1 2 1 4 1 4 4 1 2 1 3 45 2 1 1 2 2 2 5 1 0 0 7 1 0 5 1 4 4 4 2 0 2 0 3 3 3 2 5 2
7 3 2 2 0 2 4 8 1 2 4 1 2 0 0 5 3 5 2 49 1 0 6 0 6 2 4 1 6 2 8 7 1 5 3 3 5 8 4 4 6 6 3 3 0 0 0 0
1 2 1 2 5 3 5 8 1 2 2 2 1 0 0 5 1 3 3 33 2 2 0 0 6 6 1 6 8 0 7 8 6 3 6 3 4 3 4 0 7 7 3 2 3 1 3 2
7 4 2 2 9 1 4 5 1 1 1 4 1 1 1 3 0 6 4 26 1 0 6 0 3 2 0 3 4 5 5 4 2 4 4 3 0 2 2 0 4 2 3 1 3 2 5 3
4 3 2 2 4 2 4 7 1 2 2 3 1 0 0 4 2 4 4 1 1 2 1 0 5 1 2 1 0 0 8 1 0 6 4 3 1 4 3 1 0 3 3 4 3 1 2 4
4 2 0 2 6 2 5 7 1 3 2 4 2 0 0 4 0 4 4 1 2 2 1 0 5 7 3 6 4 5 3 3 5 5 6 4 4 3 3 0 4 7 3 1 3 2 5 2
8 4 2 2 5 3 7 8 1 2 2 2 2 0 0 5 1 6 4 0 1 0 1 0 6 6 6 4 8 0 7 7 4 3 5 4 2 4 2 0 3 5 3 2 3 2 5 3
0 2 0 1 8 0 0 0 1 1 0 5 1 6 5 0 0 1 2 8 2 1 2 4 2 4 6 3 1 5 8 2 2 5 1 4 1 6 1 2 2 1 3 2 3 1 1 3
3 3 1 2 2 4 5 8 1 2 3 2 1 0 0 5 2 3 4 29 3 0 2 0 7 3 0 4 8 0 8 9 4 4 5 5 0 5 4 0 4 6 3 3 3 1 4 4
0 3 2 0 5 2 1 2 1 1 0 4 1 3 3 1 3 0 1 49 1 2 0 3 3 7 1 6 1 0 8 2 4 5 2 2 3 5 4 3 2 2 3 3 3 0 0 1
7 2 2 2 3 4 7 8 1 2 3 2 1 0 0 5 1 6 3 50 1 2 0 0 7 9 5 6 8 1 8 9 6 6 4 4 5 6 1 1 2 5 3 4 3 1 1 1
7 2 0 3 9 2 7 8 1 3 2 4 3 0 0 5 0 5 3 59 2 1 4 0 6 1 0 2 6 5 5 5 2 4 2 3 2 7 4 4 6 3 3 3 1 0 0 2
1 1 1 2 8 0 1 2 1 1 1 4 0 2 2 1 0 2 3 41 3 1 0 2 3 0 8 0 7 4 6 6 0 4 2 2 0 3 4 2 5 1 3 5 3 0 1 3
4 3 2 3 9 4 4 6 1 3 2 4 2 1 1 4 1 4 4 51 1 0 1 1 6 1 0 2 7 1 8 7 2 4 5 2 1 4 5 3 2 5 3 3 3 0 0 3
5 4 1 2 7 2 3 5 1 2 1 4 1 1 1 3 3 5 3 57 1 1 4 0 3 2 8 0 3 2 8 4 0 5 1 4 2 8 0 4 6 2 3 3 0 0 0 3
6 3 0 3 0 2 2 7 1 3 5 1 2 0 0 4 2 5 3 42 3 2 5 0 5 4 2 4 7 0 8 7 4 5 2 4 0 7 4 2 7 2 3 2 2 0 0 4
7 0 2 2 4 1 1 4 1 2 2 3 1 2 2 3 0 5 4 54 2 2 1 2 5 9 2 6 3 5 5 3 5 4 5 4 3 6 4 1 3 7 3 1 3 0 0 2
0 2 1 0 5 0 0 0 1 1 0 5 0 4 4 0 3 0 2 2 2 1 0 4 2 2 2 2 6 2 5 5 2 2 2 3 1 5 2 2 1 2 3 2 3 0 1 2
6 2 0 2 10 3 7 8 1 3 0 5 2 0 0 5 1 5 3 28 4 0 0 2 9 8 4 6 1 3 8 2 4 4 2 4 1 6 4 2 6 2 3 4 3 0 0 4
4 3 2 2 5 0 1 4 1 2 2 4 1 1 1 2 2 4 2 59 2 2 2 1 4 9 7 6 4 1 5 4 5 4 3 2 2 3 3 2 3 2 3 2 3 1 1 3
5 2 0 3 1 0 0 5 1 3 4 3 2 2 2 3 2 5 3 44 1 1 0 3 7 5 0 6 5 0 8 6 6 4 4 3 4 5 3 1 0 4 3 3 3 0 1 1
1 0 1 2 1 3 4 8 1 2 3 1 1 0 0 5 3 1 1 62 2 0 1 0 7 7 4 6 5 1 8 6 6 4 3 2 5 6 4 4 7 3 3 4 1 0 0 1
3 4 1 2 8 2 3 5 1 2 1 4 2 1 1 3 2 2 3 12 3 0 0 2 5 4 8 2 8 0 8 8 2 4 5 3 3 3 3 0 6 4 3 1 3 1 3 2
4 3 2 2 10 4 4 5 1 3 0 6 2 1 1 3 1 4 2 22 2 2 3 1 5 5 5 4 5 5 5 4 3 5 3 3 1 5 4 2 6 2 3 4 3 0 0 4
2 2 0 0 0 0 0 2 1 1 2 3 1 3 3 1 1 2 3 54 3 1 0 3 3 0 7 0 8 5 2 3 0 5 2 6 0 5 4 0 7 1 3 1 3 2 3 3
8 1 2 2 6 0 1 3 1 2 2 4 1 2 2 2 4 6 3 0 1 0 0 0 1 3 7 2 6 0 4 4 2 2 2 3 3 5 2 2 6 1 3 1 3 0 1 2
2 3 1 0 4 3 1 2 1 2 0 4 1 4 4 1 0 2 4 22 3 0 0 5 6 1 7 0 5 4 8 6 0 5 5 4 3 3 3 0 5 4 3 4 3 2 4 2
8 2 1 2 2 4 2 5 1 2 3 2 1 1 1 3 2 5 3 1 2 0 1 2 5 0 8 0 6 0 8 7 0 5 2 4 3 7 4 3 3 2 3 1 2 0 0 2
5 3 0 3 8 2 5 7 1 3 2 4 2 0 0 4 1 4 4 0 1 1 0 0 5 3 3 3 3 6 3 2 2 3 5 3 4 5 3 1 4 6 3 2 3 0 1 2
6 0 1 2 3 3 0 3 1 3 3 2 2 3 2 2 2 4 4 10 3 0 0 2 3 7 2 6 6 0 8 7 6 5 5 4 2 4 6 0 4 5 3 2 3 1 3 2
2 2 2 0 4 2 1 2 1 1 0 4 1 4 4 1 4 1 0 4 2 2 3 4 4 1 1 1 0 0 8 1 0 2 1 2 2 7 3 4 2 2 3 3 0 0 0 4
6 1 2 2 6 4 5 7 1 3 2 4 3 1 1 5 3 5 3 41 3 1 0 2 8 0 1 0 0 0 6 1 0 4 5 4 3 6 3 2 7 7 3 2 3 0 0 2
3 4 0 2 6 3 2 4 1 2 2 2 1 1 1 2 0 4 4 22 3 1 0 2 4 0 0 1 7 5 3 4 1 5 5 2 4 2 4 0 7 3 3 5 3 1 2 2
7 1 2 2 4 4 7 8 1 1 2 3 1 0 0 5 2 4 3 36 3 1 2 0 7 9 8 5 8 0 8 9 5 4 5 3 5 5 3 2 3 6 3 4 3 0 1 0
4 0 1 2 9 0 2 3 1 2 1 5 2 4 4 2 3 4 3 54 3 0 0 3 4 5 1 6 0 0 8 1 4 5 4 4 2 4 3 0 7 3 3 1 3 1 4 4
0 1 2 0 3 1 0 1 1 2 1 4 2 5 4 1 1 0 1 5 2 0 0 7 6 8 1 6 6 3 8 7 6 3 5 1 3 5 4 4 0 6 3 3 1 0 0 1
0 0 0 0 2 4 2 3 1 1 1 4 0 1 1 2 1 0 1 47 4 0 1 0 1 3 2 3 4 3 5 4 2 5 1 2 1 2 4 0 4 0 3 2 3 1 2 3
7 0 2 2 1 4 4 8 1 2 3 2 2 0 0 5 4 5 1 64 3 2 0 0 6 3 5 2 7 0 8 8 2 3 2 2 3 5 5 3 7 1 3 3 2 0 0 2
3 0 2 1 4 4 0 2 1 2 1 4 2 4 4 1 0 3 4 19 2 0 0 5 5 0 7 0 5 2 8 6 0 4 5 4 3 4 5 0 5 5 3 2 3 1 3 3
2 2 2 0 3 0 0 1 1 2 1 5 1 4 4 1 3 1 1 17 2 0 2 3 3 0 2 0 1 1 8 2 0 5 1 3 4 6 2 2 0 1 3 3 3 0 0 1
6 2 0 2 8 4 6 8 1 3 1 5 2 0 0 5 3 5 4 11 1 0 0 1 8 5 1 6 7 0 3 4 5 3 6 6 2 3 2 0 7 7 3 1 3 1 1 4
3 0 1 1 6 0 1 2 1 1 1 4 1 3 3 1 1 3 4 5 3 2 0 3 3 8 5 6 4 2 8 5 5 5 5 4 0 2 4 0 6 3 3 3 3 2 4 5
5 2 2 2 8 0 3 5 1 2 1 5 2 1 1 3 1 5 3 38 1 0 0 1 5 4 3 4 0 0 8 1 2 3 3 3 2 4 4 0 3 2 3 3 3 1 2 3
8 0 0 3 2 3 7 8 1 2 4 0 2 0 0 5 0 6 4 33 1 2 0 0 7 3 4 2 2 2 8 3 1 3 4 2 4 5 3 4 3 4 3 2 3 0 0 3
2 4 0 0 9 4 2 1 1 1 0 5 1 5 5 1 1 1 4 34 4 0 0 1 0 7 2 6 4 3 8 5 5 0 2 3 5 2 2 0 5 1 3 0 3 2 5 0
4 3 2 2 3 3 7 8 1 2 3 1 1 0 0 5 2 3 3 60 3 2 0 0 6 4 0 6 0 0 8 1 4 4 2 3 1 7 4 4 7 3 3 4 1 0 0 3
5 4 1 2 10 1 3 4 1 2 0 5 1 1 1 2 0 3 4 3 2 2 0 1 4 1 7 0 8 4 8 9 0 5 4 4 0 5 2 0 4 4 3 3 3 1 3 5
8 2 2 2 1 3 1 5 1 2 3 1 2 2 1 3 3 6 3 14 1 0 0 3 4 0 5 0 5 0 8 6 0 1 5 1 0 6 2 4 3 7 3 2 0 0 0 5
0 2 2 1 9 1 1 1 1 1 0 5 1 5 5 1 2 1 0 35 3 0 0 5 4 7 7 5 1 0 8 2 4 3 1 0 5 7 4 4 4 2 3 3 0 0 0 0
8 3 1 3 1 3 0 5 1 1 4 0 1 1 0 3 4 6 3 16 2 1 0 0 3 9 3 6 3 1 5 3 5 7 1 3 4 6 2 3 1 1 3 5 3 0 0 1
7 2 2 2 2 1 3 7 1 2 3 2 2 0 0 4 1 6 4 39 4 1 1 0 5 5 6 4 3 3 8 4 3 5 4 4 3 5 3 0 7 4 3 3 3 1 3 1
0 4 1 1 3 4 3 5 1 2 2 3 1 0 0 3 1 1 4 33 2 2 0 0 3 2 4 1 6 5 3 3 1 4 5 3 5 5 4 2 1 6 3 3 3 0 0 1
5 2 1 2 7 1 5 7 1 2 1 4 1 0 0 4 4 4 3 39 5 2 0 0 5 7 7 5 1 1 6 2 4 4 3 5 4 6 3 0 7 3 3 4 3 1 2 1
6 0 1 3 8 1 2 4 1 3 2 4 2 3 3 3 1 5 5 10 3 0 0 3 6 1 4 1 0 3 8 1 0 5 5 4 4 3 4 0 6 4 3 4 3 2 4 2
4 0 1 2 4 0 2 5 1 2 2 4 2 2 2 3 4 3 2 10 4 0 0 1 5 2 7 1 8 1 8 9 1 5 2 4 2 5 3 2 7 2 3 4 3 1 3 2
4 3 2 2 6 0 0 2 1 2 2 4 1 3 3 1 0 4 3 28 4 2 0 3 3 9 3 6 3 3 8 4 5 4 3 1 5 7 4 4 5 5 3 3 0 0 0 0
1 1 0 2 6 2 4 6 1 2 2 3 1 0 0 4 1 3 3 46 4 0 0 0 4 2 7 1 4 3 5 4 1 4 3 3 4 7 5 4 4 4 3 3 0 0 0 1
5 0 2 1 4 4 7 8 1 2 1 4 2 0 0 5 0 6 5 44 2 0 0 0 7 3 6 2 4 2 5 4 2 5 4 6 2 6 3 0 3 5 3 1 3 2 5 5
8 3 0 3 10 4 4 6 1 1 1 4 1 0 0 4 1 5 4 62 2 0 0 0 4 3 1 3 4 3 8 5 3 4 3 6 0 7 4 0 6 4 3 1 3 1 3 4
1 0 2 1 10 4 2 2 1 1 0 5 1 3 3 1 4 2 1 55 2 2 2 3 4 4 4 3 3 0 6 3 2 5 1 1 1 6 1 4 2 1 3 2 0 0 0 3
1 3 0 3 7 0 1 4 1 0 2 2 0 0 0 2 3 2 3 46 5 1 0 0 2 3 4 2 0 0 8 1 1 3 2 3 1 4 6 1 7 1 3 2 3 0 1 3
2 3 1 1 4 4 2 4 1 2 1 4 1 1 1 2 3 2 0 55 3 2 3 1 4 1 4 1 3 0 8 4 1 5 2 1 0 7 2 4 0 3 3 2 0 0 0 2
7 1 2 2 7 2 3 5 1 2 1 4 2 1 1 3 0 6 5 9 0 1 0 1 5 0 5 0 8 5 5 6 0 6 5 6 0 3 4 0 4 4 3 1 3 1 1 4
7 1 1 1 8 1 4 4 1 2 0 5 2 3 3 3 3 4 2 17 3 2 1 3 6 0 8 0 8 2 8 8 0 5 1 5 2 8 2 4 4 2 3 4 1 0 0 4
0 4 2 1 5 3 2 3 1 2 1 3 2 4 3 2 4 0 0 23 5 1 0 5 6 0 7 0 2 3 8 3 0 5 0 2 2 8 5 4 4 1 3 5 0 0 0 3
5 2 1 2 7 3 7 8 1 3 1 4 2 0 0 5 4 5 1 28 4 1 0 0 6 5 1 6 3 3 8 4 5 3 2 2 4 6 5 4 7 2 3 4 1 0 0 0
1 1 2 1 8 4 4 4 1 2 0 5 2 3 3 3 2 2 1 43 2 2 0 3 6 5 2 5 6 0 8 7 5 6 3 2 4 6 2 4 6 3 3 3 1 0 0 1
6 1 1 3 10 4 3 5 1 4 1 6 3 3 3 3 2 4 4 55 3 2 2 3 6 1 3 1 5 0 8 6 1 5 1 4 5 7 2 3 0 2 3 4 3 0 0 0
7 0 1 1 2 3 7 8 1 2 2 2 2 0 0 5 2 6 4 18 3 1 0 0 6 4 3 4 1 0 8 2 3 4 6 2 1 3 4 1 7 7 3 1 3 0 1 3
2 4 1 1 10 3 3 3 1 0 0 2 0 1 1 2 0 1 3 55 3 1 0 1 3 9 7 6 2 4 8 3 5 5 5 4 2 4 2 0 5 5 3 3 3 2 5 3
4 1 2 2 4 2 3 6 1 2 2 3 2 1 1 4 4 4 1 2 1 0 2 0 4 4 2 4 3 0 7 4 3 2 1 2 4 6 3 4 7 1 3 4 1 0 0 0
3 4 0 2 10 3 7 8 1 2 0 4 2 0 0 5 4 3 3 44 3 2 0 0 7 6 0 6 6 3 4 4 5 5 3 3 5 6 3 3 7 3 3 6 3 0 0 0
1 1 1 2 0 4 6 8 1 1 4 1 1 0 0 5 3 3 2 55 3 1 4 0 6 6 8 3 0 0 5 0 1 5 3 3 0 7 1 3 7 4 3 3 1 0 0 3
4 4 2 2 3 2 3 6 1 2 3 2 1 0 0 4 2 2 2 31 1 1 0 0 4 2 6 1 4 1 8 5 1 4 2 1 2 6 4 4 7 2 3 2 0 0 0 2
1 2 1 2 9 4 6 7 1 2 1 4 2 0 0 4 4 2 3 14 0 0 0 0 5 6 0 6 0 0 7 1 4 2 5 4 3 2 2 0 6 3 3 1 3 2 4 3
3 4 1 2 7 4 4 6 1 1 1 4 0 0 0 4 3 3 3 2 2 2 0 0 4 2 1 2 1 0 5 1 1 2 4 4 2 3 2 0 6 2 3 2 3 2 5 3
1 3 0 1 2 2 2 5 1 1 2 2 1 1 1 3 2 2 3 19 1 0 0 0 3 7 8 4 8 1 4 5 4 3 2 5 1 5 5 0 5 2 3 1 3 1 4 3
7 3 2 2 3 2 6 8 1 1 3 1 1 0 0 5 3 6 3 62 2 0 0 0 6 6 0 6 3 0 8 4 5 5 3 3 2 6 4 4 1 3 3 2 2 0 0 3
3 2 1 1 2 1 2 5 1 2 2 3 2 2 2 3 0 3 4 63 3 1 5 1 4 3 1 3 3 2 8 4 2 4 5 3 0 2 4 0 5 3 3 1 3 1 4 5
1 2 0 1 1 3 6 8 1 2 2 2 2 0 0 5 3 3 3 37 4 1 0 0 6 0 5 0 2 0 8 3 0 5 3 4 0 6 5 3 6 3 3 4 3 0 0 3
1 2 2 0 2 4 3 5 1 2 1 4 2 1 1 3 2 2 1 15 0 2 2 1 5 2 7 1 1 2 6 2 0 4 1 1 2 6 3 4 3 1 3 4 0 0 0 3
8 1 1 3 7 3 7 8 1 3 2 3 3 0 0 5 0 5 4 33 2 0 0 0 7 5 5 4 1 4 3 1 2 3 3 3 0 5 3 3 4 2 3 2 3 0 1 3
7 4 1 2 8 0 1 3 1 1 1 4 1 2 2 2 2 6 3 54 2 2 1 2 3 9 8 5 2 0 8 3 4 4 2 3 1 4 5 1 5 1 3 1 3 1 1 3
8 1 0 1 8 1 2 2 1 2 0 5 1 3 3 1 2 5 3 28 4 1 0 2 2 3 4 2 2 0 8 3 1 4 2 6 0 5 4 0 7 1 3 2 3 2 3 5
0 1 2 0 8 0 0 0 1 1 0 5 1 5 5 0 4 0 0 7 3 2 2 5 4 3 6 2 8 3 4 5 2 3 4 1 2 7 1 4 0 6 3 2 0 0 0 1
1 3 2 0 2 3 2 4 1 2 1 3 2 3 3 3 4 4 2 19 2 0 2 1 4 9 6 6 1 0 7 2 4 4 5 2 5 5 5 3 7 6 3 1 2 0 0 0
1 3 0 2 4 0 1 4 1 1 2 3 1 2 2 3 0 4 4 25 2 2 0 2 4 7 3 6 4 4 8 5 5 3 6 3 1 2 2 0 2 6 3 1 3 2 5 5
8 3 0 3 0 3 7 8 1 1 5 0 1 0 0 5 3 6 3 18 3 2 5 0 7 9 0 6 0 0 8 1 4 4 5 2 1 2 3 0 5 3 3 3 3 1 2 3
8 4 0 3 4 2 5 8 1 2 3 2 1 0 0 5 1 6 4 32 3 1 0 0 7 5 2 5 1 2 8 2 4 4 4 4 4 6 5 2 5 5 3 4 3 0 0 1
1 0 0 2 2 3 3 7 1 1 3 0 0 0 0 4 3 5 3 25 2 0 1 0 5 9 6 6 3 4 6 3 5 3 4 6 5 6 1 0 7 5 3 1 3 2 5 0
8 0 1 2 10 2 3 4 1 2 0 5 2 2 2 3 3 5 3 9 0 1 0 3 5 2 3 2 4 0 6 4 2 4 3 2 4 6 4 4 2 3 3 3 1 0 0 0
7 0 1 3 10 1 2 4 1 3 1 5 3 4 4 3 0 4 5 4 1 0 0 1 4 7 1 6 6 5 7 6 6 2 6 3 0 0 3 0 0 3 3 1 3 2 4 4
6 4 0 3 5 2 7 8 1 4 3 3 3 0 0 5 4 5 3 18 4 2 0 0 6 8 7 5 0 2 4 0 3 4 4 4 3 7 3 3 4 7 3 2 2 0 0 2
5 4 2 2 8 2 7 8 1 2 1 4 2 0 0 5 3 5 3 65 4 1 0 0 7 2 6 1 5 0 8 6 1 5 3 5 4 6 3 1 5 3 3 3 3 1 2 2
2 0 0 1 6 2 1 2 1 2 1 4 2 5 4 1 1 2 2 33 2 0 0 4 4 6 3 5 7 1 8 7 5 4 3 3 5 5 4 2 5 2 3 1 3 0 0 0
1 2 1 2 2 1 2 5 1 1 3 2 1 0 0 3 1 3 4 33 2 2 0 0 3 7 0 6 6 1 8 7 6 3 7 3 1 1 5 0 4 7 3 1 3 2 4 4
5 4 2 1 8 4 1 2 1 2 0 5 1 4 4 1 4 4 2 51 2 0 0 3 4 0 6 0 2 0 8 3 0 4 3 2 5 5 4 2 5 2 3 2 3 0 0 0
5 1 2 2 10 3 7 8 1 3 0 5 2 0 0 5 1 5 4 45 2 2 0 0 6 4 0 6 5 5 6 5 5 4 7 2 0 3 2 2 7 8 3 3 3 1 1 4
4 3 2 2 5 4 7 8 1 2 2 0 1 0 0 5 2 4 3 4 2 1 0 0 6 6 0 6 1 0 7 2 4 2 4 4 1 6 3 2 3 5 3 4 3 0 0 4
5 4 2 2 5 1 4 6 1 2 2 3 2 1 1 4 2 4 3 47 4 2 0 1 5 1 4 1 7 0 3 4 1 5 5 2 5 5 6 4 6 6 3 5 2 0 0 1
7 1 2 2 3 1 2 5 1 1 3 2 0 0 0 3 0 5 4 25 2 0 3 0 3 4 7 2 2 7 3 2 1 4 4 5 5 1 2 0 6 2 3 1 3 1 1 0
1 1 2 1 1 1 1 4 1 2 2 3 2 2 2 3 2 3 2 60 3 0 1 1 3 7 8 4 8 0 8 9 4 3 2 2 2 7 2 4 5 3 3 2 0 0 0 2
4 1 2 2 4 1 3 6 1 1 2 3 1 0 0 4 4 5 2 52 3 2 2 0 4 7 0 6 5 2 8 6 6 3 3 2 1 3 4 1 6 2 3 4 3 0 1 4
8 0 1 1 3 0 2 4 1 2 2 4 1 2 2 3 1 5 5 10 3 2 1 2 5 9 2 6 3 3 8 4 5 5 5 5 1 3 3 0 6 4 3 2 3 2 3 3
8 2 2 3 2 3 7 8 1 1 4 0 0 0 0 5 4 6 3 20 1 2 0 0 6 2 1 2 8 0 5 6 2 3 2 5 3 6 2 0 5 2 3 4 3 1 3 0
3 4 2 1 7 0 0 1 1 0 0 4 0 3 3 0 2 3 3 9 0 2 1 3 3 7 0 6 1 0 5 1 4 4 2 4 3 7 5 3 0 2 3 1 2 0 0 2
4 4 2 1 8 3 1 2 1 3 0 5 2 5 5 1 3 5 3 40 4 2 4 5 5 3 4 2 1 0 6 2 1 4 3 4 3 5 5 0 7 2 3 2 3 1 2 2
8 2 1 2 4 1 2 5 1 1 2 3 1 0 0 3 1 6 4 38 1 1 0 0 3 6 7 4 6 2 4 4 3 4 3 3 5 4 4 1 3 2 3 2 3 1 2 0
8 2 0 4 10 1 2 5 1 1 2 1 1 0 0 3 0 5 4 47 3 0 0 0 3 7 5 6 8 6 3 4 5 4 3 3 2 3 5 0 7 2 3 1 3 1 2 4
3 2 0 2 3 3 1 4 1 2 3 1 1 1 1 2 2 2 3 21 2 2 4 1 4 6 4 5 5 0 8 6 5 7 3 4 1 6 1 2 7 3 3 4 3 1 1 3
2 4 2 1 7 2 1 2 1 2 0 5 1 4 4 1 0 2 5 41 3 1 0 4 4 4 7 2 5 2 8 6 2 4 6 4 0 1 4 0 2 5 3 1 3 2 3 4
7 3 2 3 8 0 0 2 1 2 2 4 1 3 3 1 2 5 4 0 1 0 4 0 0 7 8 4 2 3 5 2 3 2 3 4 3 1 2 0 5 1 3 1 3 2 3 2
1 1 0 2 9 3 7 8 1 2 1 3 3 0 0 5 0 3 4 50 2 2 0 0 7 5 2 5 7 3 7 7 5 6 5 3 4 6 2 3 4 7 3 4 3 0 0 2
1 2 2 2 5 3 6 8 1 1 2 1 1 0 0 5 2 3 4 6 2 0 2 0 6 3 4 2 5 1 8 6 2 4 6 4 5 5 4 1 6 8 3 1 3 1 2 1
0 2 2 1 3 0 0 2 1 2 2 4 2 5 4 1 3 1 2 31 1 1 0 5 6 5 8 3 1 0 8 2 2 6 2 4 5 8 5 4 4 4 3 3 0 0 0 1
1 3 2 1 7 1 1 2 1 2 0 5 1 4 4 1 3 3 3 4 2 0 4 0 0 1 2 1 8 0 7 8 1 1 1 3 2 3 3 0 4 0 3 1 3 1 3 3
4 3 1 2 5 1 4 6 1 2 2 3 2 1 1 4 1 4 2 23 4 0 0 3 7 3 6 2 3 2 4 3 1 4 4 3 3 5 5 2 7 4 3 2 3 0 0 2
0 2 2 0 7 3 2 2 1 2 0 4 1 4 4 1 4 0 2 50 2 0 0 4 5 6 4 5 5 0 8 6 5 6 3 1 5 7 2 4 3 5 3 3 0 0 0 0
6 2 2 2 5 1 3 5 1 3 2 4 2 2 2 3 3 6 3 1 3 0 0 4 7 1 6 0 3 0 8 4 0 5 5 5 2 5 3 0 7 6 3 3 3 2 5 2
3 0 2 1 0 2 4 7 1 3 3 3 2 0 0 4 2 3 3 52 2 2 4 0 5 3 6 2 1 0 7 2 1 3 2 4 4 8 4 4 1 4 3 2 0 0 0 1
7 3 0 3 1 1 2 7 1 2 4 1 2 0 0 4 3 6 4 32 2 0 0 0 5 7 7 5 8 0 8 9 5 3 7 3 5 3 3 0 4 8 3 1 3 1 3 0
8 3 0 1 4 1 2 4 1 2 1 4 1 2 2 3 4 6 3 49 2 1 2 0 2 8 8 5 6 0 8 7 5 5 3 2 4 5 4 3 6 2 3 2 3 0 12 2
3 2 0 2 6 3 5 7 1 2 2 2 2 0 0 4 3 3 3 45 3 1 0 0 5 8 5 6 8 0 8 8 6 4 5 2 2 6 1 4 7 7 3 2 1 0 0 3
5 2 2 2 8 1 2 4 1 2 1 4 2 2 2 3 1 6 4 39 4 1 0 1 4 1 4 1 2 3 5 2 0 5 5 4 4 4 3 0 6 5 3 1 3 1 4 2
7 4 2 2 8 4 4 6 1 3 1 5 2 0 0 4 4 5 2 48 2 2 1 0 4 1 8 0 7 0 3 4 0 4 2 3 5 6 4 3 7 2 3 3 2 0 0 0
6 2 1 2 1 4 6 8 1 3 3 3 2 0 0 5 4 4 3 45 3 1 6 0 7 0 5 0 6 0 6 6 0 6 2 6 1 6 2 0 7 2 3 2 3 2 5 3
6 3 1 3 9 2 3 5 1 3 2 4 3 2 2 3 0 4 3 20 1 0 0 1 4 0 7 0 0 6 3 0 0 3 1 5 0 5 3 0 3 1 3 1 3 2 5 3
0 1 1 1 3 4 2 4 1 1 2 3 1 1 1 2 3 3 3 7 3 0 0 2 4 0 8 0 6 0 8 7 0 4 1 2 0 5 0 3 4 1 3 4 3 0 0 4
4 3 2 2 10 1 4 5 1 3 0 6 3 2 2 3 2 5 4 65 4 2 1 2 5 7 4 6 3 2 8 4 5 5 6 1 4 3 3 2 6 7 3 3 3 0 0 2
2 0 2 1 6 3 2 3 1 1 1 2 1 2 2 2 3 2 3 50 3 2 3 2 4 2 4 1 0 2 7 1 0 6 2 3 3 5 1 0 7 2 3 5 3 1 1 3
5 1 1 2 1 2 0 4 1 2 3 2 1 2 2 3 2 5 3 42 3 2 0 2 5 0 8 0 8 0 8 8 0 4 4 5 5 7 3 3 7 6 3 1 3 0 0 0
3 2 1 2 4 1 2 5 1 1 2 3 0 0 0 3 2 3 4 9 0 0 0 0 3 0 7 0 4 1 8 5 0 4 4 4 0 4 4 0 4 3 3 3 3 1 4 5
5 2 1 2 9 2 1 2 1 3 1 5 1 3 3 1 4 5 3 37 4 2 0 3 3 2 6 1 5 0 6 5 1 5 5 3 5 2 4 0 2 3 3 3 3 1 4 0
4 3 1 3 6 4 7 8 1 2 3 2 2 0 0 5 0 5 4 18 2 1 0 0 7 1 7 0 7 5 8 7 0 4 5 3 3 4 3 0 1 5 3 4 3 1 2 3
0 1 1 1 9 3 1 1 1 1 0 3 0 3 3 0 2 1 2 61 3 2 3 3 2 6 7 4 3 2 8 4 3 3 2 3 0 4 3 0 3 1 3 3 3 1 2 3
4 4 2 2 3 4 4 7 1 3 3 3 2 0 0 4 4 5 2 1 3 1 1 0 5 4 3 4 8 3 6 7 4 5 1 3 3 7 4 4 7 2 3 3 1 0 0 2
3 1 1 2 5 0 1 4 1 2 2 4 1 1 1 2 3 2 1 16 1 0 0 0 2 5 3 4 8 1 7 8 4 7 1 1 1 5 2 4 2 1 3 4 1 0 0 3
6 2 1 2 9 3 0 1 1 3 1 4 2 5 4 1 3 5 3 9 1 1 0 5 4 5 2 5 4 3 5 4 4 4 5 2 0 4 3 2 0 5 3 1 3 0 0 4
2 2 0 1 8 2 1 2 1 1 0 4 0 2 2 1 1 3 2 22 3 0 0 2 2 8 0 6 0 3 4 0 3 5 1 3 2 6 5 3 4 1 3 2 2 0 0 3
0 3 1 0 3 4 1 2 1 1 1 4 1 4 4 1 1 1 3 49 1 0 5 0 0 9 3 6 1 2 5 1 4 5 0 3 0 3 4 0 1 0 3 3 3 1 3 4
5 3 1 3 1 3 3 8 1 2 4 0 2 0 0 5 1 6 3 0 1 2 0 0 6 3 5 2 8 2 8 9 2 3 4 3 4 5 2 2 5 4 3 2 3 0 1 2
2 0 1 1 6 1 0 1 1 1 1 4 1 5 4 1 1 2 1 48 1 1 3 1 1 8 1 6 5 0 7 5 5 3 2 2 2 1 3 0 3 0 3 2 3 1 3 1
6 4 1 2 7 2 7 8 1 4 1 5 3 0 0 5 1 6 4 34 4 2 2 0 7 5 8 3 3 0 7 4 2 0 5 2 3 5 2 3 6 6 3 3 3 0 0 3
0 2 0 0 1 1 1 3 1 1 1 4 0 1 1 2 3 0 0 30 0 2 0 1 2 1 4 1 6 0 8 7 1 3 2 2 3 2 4 0 6 1 3 2 3 1 2 2
7 0 2 2 1 1 4 8 1 2 3 2 1 0 0 5 1 5 4 64 3 0 4 0 6 1 5 0 3 2 8 4 0 3 4 5 1 4 4 0 5 3 3 2 3 2 4 5
4 2 1 2 2 4 7 8 1 2 3 2 2 0 0 5 0 4 4 9 1 2 0 0 7 3 0 4 6 4 4 4 3 3 6 4 3 2 4 0 5 6 3 1 3 2 4 1
3 4 0 2 7 4 6 8 1 1 1 4 1 0 0 5 2 3 4 6 2 0 6 0 6 3 4 2 0 0 8 1 1 4 4 5 1 5 4 0 3 4 3 3 3 1 4 3
8 0 0 3 8 3 7 8 1 3 2 3 2 0 0 5 3 6 4 60 4 0 0 0 7 5 7 3 6 5 8 7 3 3 3 5 5 6 2 0 5 3 3 1 3 1 3 1
2 0 1 1 0 1 0 3 1 1 3 2 1 3 2 2 4 1 2 29 3 2 3 2 4 6 8 3 6 1 3 3 2 4 2 2 2 6 5 4 7 2 3 2 1 0 0 4
2 1 0 0 6 0 0 0 1 1 0 5 1 5 5 0 1 2 4 3 2 0 6 0 0 8 2 6 4 1 7 4 5 4 3 3 5 2 3 0 3 1 3 1 3 1 4 1
0 2 1 1 0 0 0 3 1 2 3 3 2 4 3 2 0 0 2 44 2 1 1 5 7 3 1 3 8 4 4 5 3 5 5 2 0 2 3 0 6 3 3 5 3 1 2 4
3 3 0 2 5 1 5 7 1 2 2 3 1 0 0 4 3 2 1 32 2 0 3 0 5 9 3 6 8 0 8 9 6 4 1 1 2 6 4 4 7 1 3 2 0 0 0 2
4 2 1 2 1 3 5 8 1 3 3 2 2 0 0 5 2 5 3 42 3 2 6 0 7 5 7 3 4 0 7 4 2 5 2 6 0 5 3 0 7 1 3 2 3 2 3 4
8 0 0 3 1 4 3 8 1 2 4 1 1 0 0 5 2 5 3 19 2 1 0 0 6 3 7 2 5 1 8 6 2 4 6 2 1 1 6 0 3 5 3 2 3 1 2 3
2 0 1 0 8 3 0 0 1 2 0 4 2 6 4 0 1 3 4 11 1 2 0 4 2 4 6 3 0 3 8 1 2 4 3 5 5 4 3 0 2 2 3 1 3 2 4 0
1 4 0 3 0 2 3 8 1 1 5 0 0 0 0 5 3 3 2 8 2 0 0 1 8 7 0 6 5 2 8 6 6 5 5 3 4 6 2 2 7 7 3 2 3 0 0 2
4 3 0 1 4 3 7 8 1 2 1 3 2 0 0 5 1 5 4 35 3 2 0 0 6 8 1 6 2 3 7 3 5 4 5 4 1 5 4 0 7 6 3 3 3 1 2 5
5 0 0 3 5 2 4 7 1 2 3 2 1 0 0 4 1 5 3 37 3 0 0 0 5 6 4 5 7 3 8 8 5 5 5 1 3 3 4 2 7 4 3 3 3 0 0 2
4 1 1 2 6 0 0 2 1 2 2 4 1 3 3 1 2 4 4 10 3 1 2 2 3 9 6 6 7 0 8 8 6 6 5 3 5 4 3 1 0 5 3 2 3 1 2 0
4 2 1 2 0 4 7 8 1 2 4 1 2 0 0 5 1 5 3 12 4 0 0 0 6 5 1 6 6 1 8 7 6 4 6 2 5 3 3 2 7 7 3 2 3 1 1 1
8 1 1 2 1 4 6 8 1 1 3 2 1 0 0 5 3 6 3 52 3 1 0 0 6 3 1 3 2 0 8 3 2 4 4 3 2 6 5 3 7 5 3 3 2 0 0 3
5 0 1 2 2 1 4 7 1 2 3 2 1 0 0 4 4 5 2 36 3 2 1 0 5 5 2 5 0 1 5 0 3 5 3 2 1 7 2 4 7 4 3 4 0 0 0 4
5 0 1 3 8 3 7 8 1 2 2 2 1 0 0 5 4 5 3 58 3 1 0 0 7 4 7 2 1 0 5 1 1 4 4 6 4 5 5 0 7 4 3 2 3 2 3 2
0 0 0 1 3 3 1 3 1 2 2 2 2 4 2 2 0 0 3 46 4 0 0 1 2 3 8 1 0 5 7 1 0 4 2 3 5 6 5 4 7 2 3 1 2 0 0 0
7 2 1 3 4 1 1 5 1 2 3 2 1 1 1 3 2 6 3 1 2 2 5 1 4 0 3 0 1 0 8 2 0 5 2 4 5 7 3 2 1 3 3 4 2 0 0 2
2 1 0 1 10 2 1 1 1 2 0 5 2 5 5 1 0 2 5 47 3 1 0 6 5 5 3 4 8 2 8 9 4 4 6 4 0 2 4 0 6 6 3 1 3 2 4 4
3 4 2 1 8 1 2 3 1 1 0 5 1 3 3 2 1 3 2 60 3 0 0 2 3 1 3 1 5 3 4 4 1 3 3 3 0 3 3 0 6 2 3 3 3 1 3 4
0 4 0 0 4 3 2 3 1 1 0 3 1 2 2 2 4 0 0 43 2 2 0 2 4 0 0 1 6 0 8 7 1 6 1 1 5 7 2 4 3 2 3 5 0 0 0 0
6 3 0 1 5 2 1 2 1 4 1 5 3 6 5 1 3 4 3 8 1 0 0 4 5 4 5 3 8 1 3 4 2 5 2 3 4 7 1 4 0 2 3 5 1 0 0 2
7 2 2 2 6 3 6 8 1 1 2 1 2 0 0 5 2 6 4 62 2 1 3 0 7 1 7 0 3 0 3 2 0 4 5 3 1 3 4 0 7 4 3 3 3 1 3 4
4 2 0 3 2 0 1 5 1 2 4 2 2 2 2 3 0 4 3 46 4 2 0 2 5 0 0 1 1 5 5 1 0 4 2 4 2 7 5 3 5 2 3 4 2 0 0 2
7 2 1 3 6 3 4 7 1 3 3 2 3 1 1 5 1 6 3 10 4 1 0 2 8 4 6 3 2 2 6 3 2 5 2 6 1 8 4 2 7 4 3 3 3 0 0 2
5 2 1 2 7 3 7 8 1 3 1 4 3 0 0 5 0 6 4 50 3 1 0 0 7 0 3 0 1 3 7 2 0 7 5 3 5 6 1 2 4 7 3 3 3 0 0 0
0 3 0 1 5 2 0 1 1 2 1 4 1 4 4 1 1 0 1 64 3 0 0 2 1 2 0 3 2 4 5 2 2 3 1 1 0 3 3 2 2 0 3 3 3 0 0 3
2 4 1 0 8 2 1 0 1 1 0 4 1 6 4 0 2 1 1 29 3 1 4 2 0 6 7 4 0 3 3 0 2 4 2 0 5 2 4 4 2 1 3 2 1 0 0 1
3 3 0 2 0 1 3 7 1 1 4 1 1 0 0 4 0 2 4 20 0 2 2 0 5 8 1 6 2 5 6 3 5 4 5 4 0 4 1 0 0 5 3 2 3 2 5 4
1 3 1 2 6 4 5 7 1 2 2 3 2 0 0 4 1 3 4 18 3 1 0 0 5 2 6 1 3 0 8 4 1 3 3 5 5 6 3 0 3 3 3 3 3 1 2 0
2 4 0 0 5 0 0 0 1 2 0 6 1 5 5 0 2 1 1 15 0 2 0 5 4 8 8 5 7 3 7 7 5 4 1 1 1 7 2 4 0 2 3 2 0 0 0 2
0 0 0 1 8 0 0 1 1 2 0 6 1 5 5 1 0 2 5 38 2 2 0 5 4 6 2 6 7 2 8 8 6 4 5 4 0 2 4 0 0 3 3 3 3 2 4 4
3 0 1 2 3 2 4 7 1 2 3 2 2 0 0 4 4 2 2 51 2 0 0 1 6 1 0 2 3 3 5 3 1 5 2 3 4 6 4 3 5 2 3 3 2 0 0 2
7 3 1 3 4 2 1 5 1 2 3 2 1 0 0 3 3 6 3 45 1 1 3 0 3 3 1 3 3 0 3 2 2 5 0 3 4 7 2 4 4 0 3 3 1 0 0 2
8 4 2 1 2 2 3 6 1 2 2 3 1 0 0 4 2 6 4 37 2 0 0 0 4 5 2 5 4 0 6 4 4 5 5 2 1 3 4 2 4 4 3 2 3 0 1 3
1 1 2 2 10 2 3 4 1 1 0 4 1 2 2 3 3 3 3 55 3 0 1 4 6 0 1 0 4 0 8 5 0 6 3 3 2 6 2 3 6 3 3 3 3 0 0 3
3 1 2 1 0 4 6 8 1 1 3 2 0 0 0 5 0 2 4 51 2 2 0 0 6 0 4 0 0 5 3 0 0 4 3 6 2 5 4 0 3 2 3 4 3 2 3 3
3 3 2 1 4 4 4 6 1 1 1 4 1 0 0 4 4 2 2 2 2 2 0 0 4 3 7 2 5 2 6 5 2 3 2 3 4 7 2 4 7 3 3 3 1 0 0 3
1 0 2 1 6 1 2 3 1 2 1 4 2 3 3 2 3 2 0 26 2 0 3 0 1 6 6 4 6 3 7 6 4 5 1 0 5 7 3 4 0 2 0 2 0 0 0 0
2 4 1 1 4 3 2 4 1 2 1 3 1 1 1 2 1 2 3 4 1 1 0 1 3 7 5 6 5 1 5 4 5 2 5 2 1 2 3 0 3 3 3 1 3 1 2 5
0 3 1 1 2 1 0 3 1 1 2 3 1 3 3 2 2 0 2 54 2 2 1 3 4 0 1 0 5 0 4 4 0 4 3 2 1 6 5 4 6 3 3 2 1 0 0 3
0 0 1 1 10 4 2 2 1 2 0 5 1 4 4 1 2 1 0 62 2 2 0 4 5 8 0 6 4 1 8 5 5 3 3 1 0 5 5 4 0 2 3 3 1 0 0 3
2 0 2 0 5 0 0 1 1 1 0 5 1 4 4 1 2 2 3 37 3 1 0 6 5 7 6 5 2 1 8 3 4 5 3 5 1 7 4 2 3 4 3 4 3 0 0 3
0 2 2 0 10 0 0 0 1 1 0 5 1 6 5 0 1 0 0 58 3 1 0 5 3 3 7 2 3 5 8 4 2 3 1 0 5 6 4 4 0 1 3 4 0 0 0 0
6 1 0 3 7 0 0 3 1 3 2 5 2 3 3 2 3 5 3 40 3 0 4 0 1 0 3 0 3 0 8 4 0 4 1 4 0 4 5 0 7 0 3 2 3 1 3 4
4 2 1 2 9 3 7 8 1 3 1 4 2 0 0 5 2 3 2 45 3 2 0 0 6 9 8 5 1 0 8 2 4 5 2 2 5 8 2 4 4 4 3 4 0 0 0 1
5 3 2 2 1 2 5 8 1 3 3 3 2 0 0 5 4 4 0 35 4 2 0 0 6 4 6 3 3 1 4 3 2 4 1 0 2 8 4 4 7 2 3 4 0 0 0 3
7 0 2 2 7 2 3 5 1 2 1 4 1 0 0 3 3 6 3 52 3 2 2 0 3 3 0 4 0 2 7 1 2 4 2 3 4 7 4 4 6 3 3 3 1 0 0 2
1 4 1 1 1 0 0 3 1 2 2 4 2 3 3 2 0 3 4 61 2 0 0 5 6 7 4 6 4 5 6 4 5 4 5 4 3 5 3 0 7 6 3 1 3 1 3 3
4 0 1 2 0 4 5 8 1 2 4 1 2 0 0 5 1 4 4 55 3 2 0 0 6 8 3 6 0 3 8 1 4 5 4 3 1 5 3 2 7 4 3 1 3 0 1 3
7 4 2 2 5 3 7 8 1 2 2 2 2 0 0 5 0 4 4 5 3 2 0 0 7 5 7 3 3 3 5 3 2 4 5 4 3 6 3 1 6 7 3 4 3 0 0 3
3 2 2 1 2 3 3 6 1 2 2 2 2 1 1 4 4 3 1 1 2 1 1 1 6 9 7 6 2 3 8 3 5 5 3 3 2 7 4 3 7 5 3 5 1 0 0 2
8 2 0 2 7 4 7 8 1 1 1 4 1 0 0 5 0 5 5 4 2 2 0 0 7 7 4 6 6 5 5 5 5 3 7 3 2 1 3 0 3 7 3 1 3 2 4 3
2 4 0 1 10 4 2 2 1 1 0 5 1 3 3 1 4 2 0 59 2 2 0 3 3 2 8 0 4 0 7 4 0 4 1 1 5 5 5 4 2 1 3 4 1 0 0 0
5 2 2 2 1 3 2 6 1 2 3 1 1 0 0 4 1 4 3 39 5 2 0 0 4 1 3 1 8 3 6 7 1 4 1 4 5 7 2 2 7 2 3 3 3 0 0 0
3 2 1 1 0 3 7 8 1 2 3 1 1 0 0 5 1 1 4 22 3 2 6 0 7 9 0 6 0 2 6 1 4 5 6 3 3 5 4 2 5 8 3 3 3 0 0 3
2 0 2 0 10 3 1 0 1 1 0 3 1 5 3 0 4 1 2 65 4 1 3 1 0 2 6 1 6 0 8 7 1 5 0 3 3 4 3 1 3 0 3 3 3 1 2 2
0 1 1 0 6 4 2 2 1 1 0 5 0 2 2 1 3 0 2 40 3 1 0 1 1 4 7 2 8 2 8 9 2 4 0 2 5 6 5 4 4 0 3 1 1 0 0 0
3 1 2 2 10 4 4 5 1 2 0 5 1 1 1 3 2 2 3 36 3 0 0 2 6 5 7 3 3 0 8 4 2 5 4 3 3 6 2 4 3 5 3 2 3 0 0 2
5 4 1 2 8 1 3 4 1 1 1 4 1 1 1 2 4 4 2 26 2 0 1 0 2 7 6 5 0 1 8 1 3 5 1 4 2 6 2 2 4 1 3 3 3 0 1 4
1 3 0 3 0 3 2 7 1 2 5 0 2 0 0 4 2 3 2 22 3 1 2 0 5 4 7 2 2 0 8 3 1 5 3 3 5 6 5 3 7 3 3 4 2 0 0 0
5 3 1 2 9 3 4 5 1 2 1 3 2 2 2 3 0 6 5 55 3 0 0 3 6 6 2 6 2 2 8 3 5 5 7 5 4 1 2 0 2 7 3 1 3 1 1 0
6 4 0 3 6 1 3 6 1 3 3 3 3 1 1 4 3 6 4 3 2 2 4 1 6 9 6 6 6 0 3 3 5 6 3 6 4 8 2 2 4 6 3 3 3 0 1 3
6 4 1 1 10 2 0 0 1 3 0 6 3 8 6 0 3 6 4 25 1 0 1 5 3 4 7 2 0 0 8 1 1 3 6 2 2 2 3 0 4 6 3 1 3 1 2 2
3 4 2 2 3 2 4 7 1 2 3 2 1 0 0 4 0 2 4 58 2 2 0 0 5 4 3 4 5 5 4 4 3 4 4 2 5 5 5 3 7 4 3 5 2 0 0 0
0 2 1 0 3 1 1 2 1 1 1 4 1 3 3 1 3 1 1 47 3 2 4 3 3 7 7 5 2 0 8 3 4 4 0 3 2 6 6 3 2 0 3 4 2 0 0 3
6 0 0 2 1 0 2 6 1 2 3 3 1 0 0 4 1 5 4 46 3 2 0 0 4 5 1 6 2 0 8 3 5 4 5 2 1 3 4 2 5 4 3 1 3 0 1 3
3 0 2 1 9 2 3 3 1 2 0 5 2 4 4 2 3 2 0 24 2 2 5 4 6 2 7 1 7 4 6 6 1 3 5 0 3 4 5 4 5 5 3 4 0 0 0 0
4 1 1 2 8 1 2 4 1 3 1 5 4 4 4 3 0 3 4 38 1 1 4 2 5 9 0 6 6 6 3 3 5 4 5 3 3 6 3 3 1 7 3 2 3 0 0 2
2 4 2 0 1 4 2 4 1 1 1 4 1 1 1 2 0 1 2 10 3 2 2 1 4 5 6 4 6 4 8 7 4 5 3 2 0 3 3 0 6 2 3 1 3 1 1 4
8 2 1 2 0 4 3 7 1 1 4 1 1 0 0 4 3 6 3 53 3 0 0 0 5 8 7 5 7 0 8 8 5 5 4 6 3 6 5 0 5 5 3 2 3 2 4 3
0 2 2 0 0 3 3 5 1 2 2 2 1 0 0 3 0 0 1 60 3 2 0 0 3 8 4 6 4 4 3 3 5 3 4 1 4 6 3 4 6 5 3 1 0 0 0 1
6 1 0 2 9 3 1 2 1 2 1 3 2 5 3 1 2 5 3 14 1 2 0 3 3 4 2 4 4 0 8 5 4 2 3 4 4 6 2 2 3 3 3 1 3 0 1 1
3 4 0 1 4 4 5 7 1 2 1 4 2 0 0 4 4 3 3 52 3 1 6 0 5 1 5 0 4 0 8 5 0 5 5 1 4 5 4 4 7 6 3 2 1 0 0 2
0 1 2 1 5 0 0 2 1 2 1 5 1 3 3 1 0 0 3 40 4 1 2 2 2 8 1 6 6 4 6 6 6 4 2 4 4 6 5 1 3 2 3 3 3 0 0 0
3 1 2 1 5 0 1 3 1 2 1 5 2 3 3 2 2 3 3 65 4 1 4 1 2 1 7 0 2 2 8 3 0 5 1 3 0 5 4 2 5 1 3 3 3 0 0 4
6 4 2 2 1 3 7 8 1 3 3 2 3 0 0 5 2 5 3 11 1 1 4 0 7 6 4 5 3 3 8 4 4 2 6 4 4 4 4 0 6 7 3 2 3 1 4 1
1 3 0 1 7 4 6 7 1 2 0 5 1 0 0 4 4 3 2 36 3 2 3 0 5 2 6 1 0 0 8 1 0 4 1 3 3 5 3 1 7 1 3 5 3 0 1 2
5 1 0 2 4 1 4 7 1 2 2 3 2 0 0 4 0 6 4 59 3 0 0 0 5 7 4 6 0 3 3 0 3 4 3 4 3 5 4 0 5 2 3 4 3 1 2 3
1 0 1 2 2 2 4 8 1 2 3 2 1 0 0 5 4 4 2 59 2 1 4 0 6 1 2 1 5 0 8 6 1 4 4 1 5 6 4 4 6 5 3 5 0 0 0 0
2 4 1 1 1 3 1 4 1 1 2 1 1 1 1 2 3 1 1 2 2 0 0 1 3 8 5 6 1 0 8 2 4 2 4 3 1 4 2 0 4 3 3 1 3 1 3 3
3 3 0 1 5 1 1 2 1 1 1 4 0 2 2 1 1 3 4 66 5 2 1 2 3 7 4 6 6 5 2 3 5 3 3 4 2 6 3 2 7 3 3 1 3 0 0 3
6 1 2 2 4 1 2 5 1 3 2 4 2 2 2 3 4 5 2 33 1 1 0 2 5 3 8 1 7 1 8 8 1 3 3 4 5 6 5 2 5 3 3 3 3 0 0 0
7 0 0 3 6 2 4 7 1 3 3 3 2 0 0 4 1 5 3 27 2 1 2 0 5 2 1 2 6 3 2 3 1 2 3 4 5 6 3 2 1 3 3 2 3 0 0 1
2 4 0 0 5 1 0 1 1 2 0 5 1 4 4 1 3 3 3 28 4 0 4 0 0 1 1 1 5 0 8 6 1 3 2 4 3 3 3 0 3 1 3 1 3 2 5 2
8 3 1 2 5 0 1 3 1 1 2 3 1 3 3 2 4 5 3 7 4 1 0 3 4 1 2 1 4 4 7 4 1 3 4 4 1 5 0 0 6 4 3 3 3 1 4 3
7 1 0 2 1 3 5 8 1 2 3 1 1 0 0 5 4 4 2 11 1 0 4 0 7 9 0 6 1 0 4 1 4 3 4 3 3 7 3 4 7 7 3 3 1 0 0 3
7 1 2 2 0 3 7 8 1 2 4 0 1 0 0 5 1 5 4 28 4 1 1 0 7 3 4 2 2 2 4 2 1 4 3 5 3 6 3 0 7 3 3 3 3 1 2 2
2 2 1 1 7 3 3 4 1 2 0 4 2 3 3 3 3 2 2 23 5 2 3 3 6 1 7 0 4 0 8 5 0 4 2 4 2 5 5 0 7 1 3 2 3 1 2 3
4 1 1 2 1 1 3 7 1 2 3 2 1 0 0 4 3 4 4 28 5 0 1 0 5 4 1 4 6 2 4 4 3 4 5 4 0 3 4 0 6 4 3 2 3 2 4 4
7 3 2 3 6 4 7 8 1 1 3 2 1 0 0 5 2 6 3 21 1 1 2 0 7 6 5 5 3 2 8 4 4 7 4 4 4 7 3 3 2 6 3 3 2 0 0 2
5 3 0 3 6 4 7 8 1 2 3 2 1 0 0 5 3 5 3 38 1 1 0 0 7 9 1 6 1 0 6 2 4 5 5 1 0 6 4 4 7 7 3 3 0 0 0 5
4 2 2 2 6 1 4 6 1 2 2 3 2 1 1 4 4 5 2 11 2 0 0 1 5 4 6 3 3 0 5 3 2 3 3 4 0 7 3 3 6 5 3 2 2 0 0 4
3 0 1 1 10 4 6 6 1 2 0 5 2 0 0 4 4 3 2 65 4 1 5 0 4 2 8 0 1 0 8 2 0 4 2 2 3 5 2 3 7 2 3 3 3 0 0 3
1 4 0 2 1 4 7 8 1 1 3 2 1 0 0 5 1 2 4 3 1 1 6 0 6 8 2 6 3 2 8 4 5 4 5 4 3 4 2 0 3 5 3 3 3 2 5 2
3 2 2 2 3 2 3 6 1 3 3 3 3 2 2 4 3 2 2 25 2 2 0 2 7 9 3 6 2 0 8 3 5 3 5 4 1 6 3 1 7 7 3 1 3 0 0 4
0 4 2 1 1 4 2 5 1 1 2 3 1 0 0 3 4 1 1 65 4 2 1 0 3 0 8 0 4 1 8 5 0 5 0 2 4 8 3 4 6 1 3 3 0 0 0 1
8 4 1 2 5 3 7 8 1 2 2 2 2 0 0 5 2 5 2 44 2 2 0 0 6 7 1 6 2 3 8 3 5 5 2 3 0 7 3 4 6 2 3 4 1 0 0 5
7 3 1 2 2 2 3 6 1 2 3 2 2 1 1 4 4 6 3 5 3 0 5 0 4 3 8 1 6 1 8 7 1 3 2 3 1 7 4 4 7 2 3 1 1 0 0 3
2 1 1 0 0 0 0 2 1 1 2 3 0 2 2 1 0 2 4 28 4 2 3 2 3 7 5 6 5 7 2 2 4 3 4 4 2 3 4 0 7 2 3 1 3 2 4 3
2 1 2 1 2 1 0 2 1 2 2 3 2 4 3 1 1 1 4 29 2 1 0 2 3 5 1 6 2 3 7 3 5 5 5 3 2 3 5 0 3 4 3 3 3 1 2 3
0 1 0 1 1 0 0 3 1 1 2 3 0 1 1 2 0 0 2 35 4 0 0 1 3 2 0 3 0 4 8 1 2 4 2 3 5 6 4 3 5 2 3 3 2 0 0 1
4 3 2 2 6 0 2 4 1 1 2 3 0 0 0 2 4 5 3 31 1 1 0 0 2 7 2 6 6 0 3 3 5 6 3 3 2 2 4 0 5 1 3 3 3 1 4 4
5 2 0 2 3 2 7 8 1 2 3 2 2 0 0 5 0 4 4 42 3 1 3 0 7 0 7 0 1 0 8 2 0 5 4 6 1 6 3 0 4 5 3 3 3 2 5 4
2 1 1 1 5 3 1 3 1 1 1 2 1 2 2 2 1 2 4 10 3 1 4 0 1 2 4 1 2 3 8 3 0 4 2 3 5 5 3 2 5 2 3 2 3 0 1 2
6 0 0 2 2 3 6 8 1 4 3 2 3 0 0 5 1 4 4 61 2 2 0 0 7 5 7 3 7 6 6 6 3 5 5 3 2 4 3 0 5 5 3 3 3 1 2 3
3 0 1 2 4 3 6 8 1 2 2 2 2 0 0 5 0 3 4 39 6 2 2 0 6 4 2 4 0 2 6 1 2 5 3 5 4 8 3 3 7 6 3 3 1 0 0 1
3 0 2 1 9 1 3 3 1 2 0 5 2 4 4 2 0 3 3 37 3 1 0 5 6 1 8 0 8 3 7 8 0 5 4 3 0 6 3 3 4 5 3 3 3 0 0 4
7 4 1 3 4 2 3 7 1 2 3 2 1 0 0 4 1 6 3 8 2 1 1 0 5 1 1 1 4 4 7 4 1 6 1 3 3 6 1 3 4 1 3 4 3 0 0 3
3 4 0 1 3 2 3 5 1 2 2 3 1 1 1 3 3 2 2 52 3 0 0 0 3 5 2 5 2 0 5 2 4 4 5 2 4 3 4 1 7 4 3 1 3 0 1 1
8 4 0 3 2 1 3 8 1 1 4 1 1 0 0 5 3 6 3 33 2 2 0 0 6 1 3 1 2 1 6 3 1 2 4 5 2 5 5 0 3 4 3 1 3 1 4 3
1 0 0 1 8 0 1 1 1 1 0 5 1 4 4 1 4 3 1 53 1 1 0 4 3 1 7 0 5 0 8 5 0 4 0 3 4 5 4 1 0 0 3 2 3 0 0 2
8 4 1 2 3 2 3 6 1 2 3 2 2 0 0 4 1 6 4 4 3 0 0 0 4 2 4 1 4 5 5 4 1 1 3 4 1 5 3 1 1 2 3 1 3 1 3 3
4 2 0 2 3 0 1 4 1 2 3 3 2 2 2 3 4 3 2 55 4 2 0 2 5 4 3 4 8 0 6 7 4 5 3 3 5 6 1 3 5 3 3 3 3 0 0 0
7 3 1 1 2 0 2 4 1 1 2 3 1 1 1 2 2 6 4 19 2 2 4 1 3 6 1 6 7 0 8 7 6 2 6 4 4 5 6 2 3 8 3 1 3 1 1 2
6 4 0 3 5 3 7 8 1 3 3 2 1 0 0 5 3 6 3 19 2 0 0 0 6 4 5 3 4 1 6 4 2 4 3 5 1 6 5 0 4 3 3 3 3 1 2 3
5 3 0 2 8 4 0 1 1 3 1 5 2 6 5 1 4 4 3 44 1 2 2 5 4 5 5 4 6 0 6 6 4 5 4 4 0 2 2 0 4 2 3 2 3 2 4 5
6 3 2 3 9 2 0 2 1 3 2 4 2 5 4 1 3 5 2 64 3 1 3 3 3 8 0 6 4 0 8 5 5 3 2 2 4 6 5 4 3 2 3 2 1 0 0 1
1 2 0 2 0 4 4 8 1 2 4 1 2 0 0 5 0 3 3 1 3 1 2 0 6 2 2 2 4 2 8 5 2 5 3 3 3 7 4 4 6 5 3 4 1 0 0 2
2 1 2 0 7 1 0 0 1 1 0 5 0 4 4 0 0 2 4 24 3 0 0 6 5 9 8 5 6 5 4 4 4 2 7 1 5 3 6 2 2 8 3 1 3 0 0 1
7 2 2 2 8 2 2 3 1 2 1 4 1 3 3 2 0 5 4 29 4 1 1 3 5 4 1 4 0 5 3 0 2 4 3 6 2 3 6 0 5 2 3 1 3 1 1 2
2 2 1 1 1 0 0 3 1 1 2 3 1 3 3 2 4 2 3 31 0 0 2 1 3 3 8 1 5 3 8 6 1 5 4 2 0 5 4 3 2 4 3 3 3 0 0 3
8 2 2 2 10 1 4 5 1 2 0 5 1 1 1 3 1 5 2 48 2 2 0 1 4 4 3 4 6 2 8 7 4 3 3 1 2 6 4 4 6 3 3 3 0 0 0 2
3 3 2 1 4 3 2 4 1 2 1 3 1 1 1 2 0 2 1 62 2 1 0 1 4 8 2 6 3 4 5 3 5 5 2 2 2 6 4 4 3 2 3 3 1 0 0 1
7 0 0 4 4 4 7 8 1 2 4 1 2 0 0 5 0 6 5 43 2 1 0 0 7 3 2 3 4 3 5 4 2 6 6 3 2 2 2 0 4 6 3 3 3 2 5 4
0 3 2 1 9 2 1 1 1 2 0 5 2 6 5 1 0 1 4 61 2 0 0 5 4 0 2 0 5 3 8 6 0 4 5 3 4 4 3 1 2 5 3 1 3 1 2 1
2 2 2 1 1 3 1 4 1 2 2 2 1 1 1 2 1 2 5 51 3 1 3 1 4 2 0 3 3 4 8 4 2 4 4 3 5 2 5 0 2 2 3 1 3 1 3 1
2 2 0 1 0 0 0 3 1 2 3 3 2 3 3 2 4 2 3 10 3 2 0 3 5 3 0 4 0 0 4 0 2 5 2 2 5 6 3 4 6 2 3 5 1 0 0 1
7 3 2 3 10 3 7 8 1 2 1 3 1 0 0 5 3 5 3 11 2 2 4 0 6 7 3 6 8 0 8 8 6 3 5 3 0 5 2 1 7 6 3 3 3 0 1 5
4 1 1 3 2 1 2 6 1 2 4 1 1 0 0 4 3 5 3 13 5 2 0 0 4 3 2 3 8 0 7 7 3 3 4 3 0 5 5 1 7 4 3 1 3 0 0 2
8 4 2 2 2 2 4 7 1 2 3 2 2 0 0 4 0 6 4 30 1 1 5 0 5 8 6 6 7 4 5 5 5 3 5 5 1 4 3 0 5 5 3 1 3 2 4 3
0 1 1 1 5 4 2 4 1 1 1 4 1 2 2 3 1 1 1 6 2 2 6 2 5 8 6 6 2 4 3 2 4 5 2 2 0 5 4 3 6 1 3 4 3 0 0 3
1 1 0 2 2 1 4 7 1 2 3 2 2 0 0 4 1 5 4 15 1 1 2 0 5 3 4 2 1 2 5 1 1 4 3 5 0 6 2 0 0 3 3 3 3 1 3 3
5 4 2 2 6 0 1 3 1 3 2 5 2 3 3 2 0 5 5 39 6 0 1 3 5 6 8 3 1 3 6 2 2 4 7 3 1 2 2 0 4 8 3 1 3 2 5 4
7 2 0 2 9 4 7 8 1 1 1 4 1 0 0 5 4 5 3 27 2 1 2 0 6 0 3 0 8 0 8 9 0 1 5 4 3 5 3 0 7 6 3 1 3 1 3 2
1 2 1 2 3 3 6 8 1 2 3 1 2 0 0 5 2 2 1 38 1 1 4 0 6 8 8 5 4 0 8 5 5 5 2 2 4 6 4 4 5 2 3 3 1 0 0 2
0 1 1 0 5 1 1 2 1 2 0 5 2 4 4 1 0 0 1 56 2 0 0 4 4 9 2 6 8 6 3 4 5 4 3 1 3 6 4 4 3 3 3 4 0 0 0 2
3 4 0 1 1 0 1 4 1 1 2 3 0 0 0 2 0 2 4 44 3 1 0 0 2 0 8 0 0 1 8 1 0 5 1 6 4 6 2 0 7 1 3 2 3 2 5 2
1 4 2 1 3 2 5 7 1 2 2 3 2 0 0 4 2 3 3 27 2 0 1 1 7 3 1 3 6 3 5 5 3 2 5 3 4 6 3 3 5 7 3 2 3 0 0 1
7 1 2 2 0 4 7 8 1 1 4 1 1 0 0 5 4 6 3 48 1 2 3 0 6 7 4 6 6 1 8 7 6 3 5 3 5 2 4 0 7 3 3 2 3 1 4 0
8 3 2 2 8 1 1 2 1 2 1 4 2 4 4 1 3 5 3 8 2 2 0 4 5 2 7 1 1 2 8 2 0 4 2 5 3 6 2 0 4 2 3 2 3 1 3 2
