21 14 2 1 6 2 6 37 12 2 1 6 0 56 16 1 2 4 0 58 6 0 3 1 0 3 1 1 2 2 2 1 0 1 49
7 6 0 1 6 5 7 23 12 2 2 6 1 43 15 0 1 4 0 50 8 1 3 1 0 1 2 3 2 1 0 2 2 1 42
18 12 2 1 5 2 4 31 10 1 1 5 0 53 16 1 3 3 0 64 12 1 2 1 0 2 2 2 2 3 2 0 0 1 54
14 10 1 1 4 3 4 32 12 2 3 4 0 60 19 2 1 3 0 63 8 1 2 1 0 0 3 3 1 1 0 1 1 2 53
0 2 2 1 0 8 6 0 0 2 3 0 6 6 6 1 1 0 2 1 0 0 1 0 5 2 1 3 2 3 0 0 2 2 1
10 8 1 2 3 7 6 18 7 1 2 2 3 34 13 2 1 1 0 31 3 0 1 0 0 3 2 1 1 1 1 1 2 2 26
12 8 0 1 6 0 6 31 13 2 3 6 0 57 19 2 2 3 0 62 8 2 1 1 0 2 1 3 3 3 3 0 2 2 53
14 11 2 3 5 2 5 30 12 2 1 4 0 52 17 2 2 3 0 55 7 0 2 1 0 2 2 2 3 3 0 0 0 1 47
14 11 1 0 4 5 4 23 8 1 1 3 6 29 7 3 2 1 7 22 0 1 2 0 1 1 0 2 0 1 3 2 0 1 19
17 12 2 1 6 5 6 29 10 1 2 7 0 50 17 2 2 5 0 64 13 2 1 1 0 1 3 3 2 1 2 2 2 1 54
25 17 3 1 7 5 6 41 12 3 2 3 7 52 11 0 1 2 3 60 9 0 2 1 3 3 0 2 2 0 0 2 1 0 51
18 12 2 2 6 5 7 36 13 2 1 6 2 59 17 2 3 4 0 70 11 2 3 1 0 2 1 3 1 2 2 1 1 1 60
9 8 0 3 5 2 5 25 12 1 1 5 1 53 20 2 1 4 4 58 7 0 3 1 0 3 1 3 0 1 3 1 1 2 49
12 9 1 3 4 7 7 21 8 2 2 3 3 42 15 1 2 2 0 39 3 0 2 0 0 3 3 2 2 3 3 1 1 2 33
9 7 0 1 3 0 3 23 10 1 1 4 0 48 18 1 2 3 0 54 7 0 2 1 0 3 2 3 3 0 1 2 2 0 46
16 12 1 0 7 3 7 34 14 2 3 7 0 64 21 1 2 5 0 82 16 2 2 2 0 0 1 3 1 3 0 0 2 1 69
14 10 1 2 4 7 6 27 11 2 2 4 4 43 12 2 3 2 0 46 7 2 2 1 0 2 1 3 2 2 1 0 2 0 39
18 13 2 1 6 0 6 37 14 2 2 6 0 62 18 1 3 5 0 79 15 1 2 2 0 1 1 1 0 2 1 1 2 1 67
14 10 1 1 6 1 7 25 8 1 2 5 0 55 21 2 2 4 0 58 8 0 2 1 0 3 3 3 1 0 2 1 2 1 49
12 10 1 0 4 5 4 27 11 2 1 4 0 39 11 1 2 2 0 46 8 0 2 1 0 1 3 1 0 2 0 1 1 1 39
17 12 1 0 6 3 7 33 12 2 2 5 0 55 17 1 2 4 0 59 8 0 1 1 0 1 2 2 2 0 0 2 0 0 50
16 11 2 1 6 5 7 28 10 1 3 5 5 51 17 2 3 3 2 58 9 1 2 1 0 1 0 3 2 3 3 1 2 2 49
14 11 2 1 5 4 4 25 10 2 2 4 1 45 15 1 1 2 0 49 7 1 1 1 0 1 1 0 2 0 3 0 0 0 42
0 0 1 1 0 8 6 0 0 2 1 0 7 0 0 1 2 0 4 6 6 1 2 0 3 0 0 0 1 2 0 0 1 1 5
15 10 2 1 4 2 4 23 8 1 3 4 0 48 19 2 2 3 0 52 7 1 1 1 0 0 1 3 3 0 3 0 2 1 45
4 5 1 0 1 8 6 9 6 2 1 1 5 17 8 2 2 1 0 12 0 1 2 0 0 1 1 0 3 2 3 1 0 1 10
16 12 2 3 6 4 6 29 10 1 2 5 2 57 20 3 2 4 3 73 16 1 2 2 0 3 1 3 0 1 3 2 2 2 62
4 5 0 2 2 6 3 4 2 1 2 0 8 1 1 0 3 0 4 0 0 1 2 0 1 3 0 0 1 3 3 2 1 2 0
15 11 1 1 4 2 4 22 7 0 1 4 0 45 17 1 2 3 0 51 8 0 1 1 0 3 3 1 0 3 2 0 2 2 43
0 1 2 1 0 8 4 0 1 1 2 0 5 0 0 0 1 0 2 1 3 1 2 0 0 3 2 2 2 3 1 2 0 2 1
11 9 1 0 4 6 6 23 9 2 1 3 0 41 15 2 2 2 0 34 0 2 3 0 0 1 3 0 0 1 0 1 0 2 29
11 9 2 1 3 5 4 22 9 1 2 3 0 43 16 1 1 2 0 53 11 1 1 1 0 1 3 3 3 1 0 2 2 2 45
14 10 3 1 3 6 4 25 9 1 2 3 0 42 13 1 2 2 0 49 8 0 3 1 0 0 3 1 2 3 3 1 2 2 42
18 12 2 1 6 0 6 34 12 1 1 6 0 57 17 1 1 4 1 61 6 1 2 1 2 3 0 3 0 1 0 2 2 1 52
8 7 1 0 2 8 6 18 8 1 2 2 2 36 14 2 1 1 0 35 3 1 2 0 0 0 1 2 1 0 1 1 0 1 30
6 6 0 1 3 0 3 18 10 2 2 3 0 38 15 2 1 2 0 46 9 2 2 1 0 1 2 3 3 2 2 2 1 0 39
6 7 1 2 3 6 4 18 10 1 1 3 3 45 19 2 1 3 0 53 10 0 2 1 0 0 1 3 2 1 0 0 2 2 45
11 9 0 1 6 5 6 26 12 2 2 6 1 59 22 1 1 5 3 73 13 1 2 2 0 3 1 2 0 1 1 2 0 0 62
12 9 1 1 4 0 4 26 11 1 1 4 0 44 14 1 2 3 0 55 11 1 3 1 0 1 3 2 3 2 2 2 0 0 47
3 4 1 0 1 7 3 11 7 2 2 1 3 24 11 3 2 1 0 19 1 1 1 0 0 0 3 1 2 2 1 1 0 0 16
14 10 1 3 4 4 3 29 11 2 3 4 0 51 16 2 2 3 1 59 9 1 2 1 0 2 2 2 0 3 1 0 0 2 51
10 8 0 3 7 4 6 35 16 3 2 6 0 58 18 1 3 4 0 65 11 1 1 1 0 2 2 1 1 2 2 0 1 1 55
15 11 1 1 7 1 7 29 11 1 2 7 0 51 17 1 2 5 0 73 17 2 2 2 0 3 2 3 0 3 2 2 2 2 62
10 8 0 1 7 5 7 23 10 1 2 6 3 51 20 1 1 4 0 59 9 1 1 1 0 3 1 0 2 0 2 0 0 0 50
17 12 1 0 6 5 6 23 7 0 1 4 6 32 10 1 2 2 7 45 12 2 1 1 2 0 0 1 0 0 1 0 2 0 39
10 8 1 1 3 1 3 17 7 0 1 3 0 40 17 2 2 2 0 45 8 0 2 1 0 3 3 2 0 2 1 2 0 0 38
8 7 1 1 2 7 3 17 8 1 1 2 3 36 14 1 2 2 0 50 12 1 2 1 0 1 1 1 1 0 1 1 2 0 43
14 11 2 1 5 2 5 29 11 1 1 5 0 55 18 2 2 3 0 59 7 0 2 1 0 1 3 0 0 1 2 2 0 1 50
11 9 1 1 6 4 6 29 13 2 0 4 7 43 13 2 1 2 7 46 7 0 1 1 3 2 0 1 0 3 2 0 2 1 39
7 6 0 1 3 4 3 15 7 1 0 2 1 23 8 2 1 1 0 16 0 1 3 0 0 3 1 0 2 1 0 1 1 2 13
10 8 1 1 7 0 6 33 15 3 2 7 0 63 21 2 2 4 0 64 6 0 3 1 0 2 2 1 2 3 1 0 2 2 54
14 11 2 2 5 6 6 26 9 2 3 3 6 44 14 1 2 2 3 53 11 1 2 1 0 1 0 2 1 0 2 2 1 1 45
0 1 0 1 0 8 3 0 0 1 0 0 6 0 0 0 1 0 0 2 4 0 1 0 0 3 1 1 3 0 0 2 2 0 1
9 8 0 1 6 4 7 21 10 1 2 5 2 40 14 1 1 3 4 44 7 0 2 1 1 2 1 3 0 2 1 0 2 1 37
11 8 1 1 4 7 6 22 8 1 2 4 3 35 11 1 2 2 0 46 10 1 2 1 0 2 2 0 3 2 3 0 0 0 39
21 14 2 1 6 2 6 32 9 1 1 6 0 59 20 2 2 4 0 66 9 1 2 1 0 2 1 1 3 1 1 0 2 1 56
13 9 1 1 4 5 4 24 9 1 2 4 0 42 15 1 2 3 0 51 10 2 1 1 0 0 3 3 3 3 1 0 2 2 43
10 8 1 1 3 0 3 25 11 2 1 3 0 47 17 2 3 2 0 54 9 0 2 1 0 2 3 1 3 2 0 0 1 0 46
14 10 1 3 6 3 6 34 13 2 1 5 1 66 22 2 1 4 0 69 9 0 2 1 0 3 2 1 3 0 0 1 2 0 58
15 11 1 0 4 3 5 25 8 1 2 4 0 48 16 0 2 3 0 54 9 1 3 1 0 0 1 3 1 3 2 0 1 2 46
16 11 1 1 6 4 6 32 11 1 2 6 0 51 14 0 2 4 0 54 8 0 3 1 0 2 1 2 1 1 3 1 1 1 46
2 4 1 0 1 8 3 9 6 2 1 1 4 7 2 1 2 0 7 6 3 0 2 0 2 1 2 2 0 2 1 2 0 0 5
9 8 1 1 3 7 5 23 10 2 1 3 1 40 13 2 2 2 4 46 9 0 3 1 0 0 2 3 0 1 2 0 2 2 39
10 8 1 3 6 4 6 24 10 1 1 6 0 43 14 1 3 4 0 49 8 0 2 1 0 3 1 3 1 2 2 2 2 0 42
9 7 1 1 2 8 6 18 8 1 1 2 4 33 12 2 2 1 2 26 0 1 1 0 2 0 1 3 3 1 0 1 2 1 22
10 8 1 1 3 3 3 16 6 0 2 3 5 29 11 2 2 2 0 42 11 1 2 1 0 2 0 2 3 1 2 0 0 1 35
16 11 1 1 6 4 6 31 12 2 2 7 2 56 18 1 1 5 0 71 14 1 2 2 0 2 2 3 2 1 0 0 1 1 60
19 13 2 1 5 2 5 26 8 0 1 5 2 45 15 0 2 3 5 47 5 0 3 1 3 1 0 2 0 1 0 1 1 1 40
10 8 1 3 5 3 5 27 12 1 0 5 0 54 20 2 2 4 0 59 7 0 2 1 0 3 3 1 3 2 0 1 1 0 50
14 11 2 1 3 7 5 17 5 1 2 1 8 11 0 1 3 0 8 12 4 1 3 0 3 0 0 2 0 2 2 0 0 0 10
19 13 3 2 4 0 4 28 8 1 3 4 0 53 19 2 2 3 0 65 11 1 2 1 0 1 2 3 3 0 0 2 2 1 55
2 4 2 1 1 8 5 7 5 1 3 1 7 3 0 2 2 0 8 0 1 1 2 0 1 1 0 3 0 0 3 2 2 0 0
22 15 3 1 4 7 5 35 11 1 0 3 6 50 12 1 1 2 0 55 9 1 3 1 0 0 0 1 3 3 3 0 2 2 47
9 7 0 2 3 5 3 11 4 0 3 2 4 31 15 1 2 2 0 39 9 0 2 1 0 3 2 3 2 3 1 1 2 2 33
17 12 3 1 6 2 6 26 9 1 2 6 0 48 16 2 2 4 0 61 12 2 2 1 0 1 3 3 0 1 2 2 1 2 52
15 10 1 1 6 0 6 27 9 1 2 6 1 50 17 2 3 4 0 58 10 2 1 1 0 3 0 0 3 2 1 2 1 0 49
7 7 2 3 1 8 3 16 8 2 1 1 2 19 6 2 2 1 0 20 5 1 2 0 0 2 3 3 2 3 2 0 1 2 17
10 9 2 1 4 0 4 21 9 2 1 4 0 44 17 2 2 3 0 55 12 1 2 1 0 1 3 3 1 1 3 1 1 2 47
5 6 1 1 2 5 3 14 8 1 1 2 2 33 14 2 1 2 0 39 9 0 2 1 0 3 3 0 3 0 2 2 1 0 33
16 12 2 1 4 7 6 30 11 2 1 4 2 57 19 2 2 3 0 69 12 1 1 1 0 0 1 0 2 1 1 0 0 1 58
13 9 1 1 3 8 6 24 8 1 1 2 7 42 14 3 2 1 4 37 2 1 1 0 2 3 1 0 0 3 1 2 0 1 31
16 11 1 0 5 5 5 24 8 1 1 5 0 46 16 1 1 3 0 48 7 0 2 1 0 0 2 3 0 1 3 0 1 2 41
11 9 1 2 3 5 3 27 12 2 1 3 0 49 16 2 2 2 0 52 7 1 2 1 0 0 3 2 0 3 2 1 0 2 44
11 9 2 0 3 7 5 23 9 1 1 3 5 44 15 1 2 2 0 54 11 1 2 1 0 1 0 2 2 3 0 1 1 1 46
16 11 1 3 6 5 6 35 13 3 3 4 7 41 8 2 3 1 7 34 0 0 3 0 2 2 0 3 0 3 1 0 2 2 29
11 9 1 1 6 3 5 26 12 2 1 5 0 46 16 1 2 3 0 57 12 2 1 1 0 2 3 3 1 3 2 0 2 2 48
15 10 0 0 6 5 6 28 11 2 1 5 1 56 20 3 2 3 0 63 9 0 1 1 0 0 2 0 2 3 0 0 0 2 53
13 10 2 1 4 6 5 26 10 1 1 4 4 44 14 1 1 3 0 51 8 1 2 1 0 1 3 0 3 0 0 2 0 0 43
15 11 2 3 5 6 6 27 10 1 3 5 1 49 16 2 2 3 3 53 7 1 2 1 6 3 3 3 0 3 0 2 2 2 45
16 12 2 1 6 0 5 33 12 2 2 5 0 51 15 1 1 3 0 59 10 1 2 1 0 1 0 3 3 0 1 2 2 1 51
11 9 0 1 6 3 6 20 8 1 3 6 0 43 17 0 2 4 0 49 8 0 3 1 0 1 3 3 3 3 1 1 2 1 41
16 12 2 1 5 3 5 27 9 1 1 5 0 52 18 2 2 3 0 61 10 0 3 1 0 0 1 2 1 3 3 0 0 1 52
13 10 1 1 6 3 7 26 11 1 1 5 0 46 15 2 2 3 0 59 13 1 1 1 0 1 3 1 0 1 2 1 2 1 50
16 11 2 1 4 4 5 32 12 2 1 4 5 51 15 1 1 3 4 56 8 0 1 1 0 1 0 3 1 0 3 2 1 1 48
12 9 1 2 4 4 4 24 10 2 3 5 0 52 19 2 1 3 0 63 11 1 2 1 0 2 2 3 1 3 2 1 1 1 54
15 11 2 1 6 4 6 36 15 3 3 6 0 65 22 2 2 4 0 72 9 1 2 1 0 3 1 2 0 0 1 2 0 0 61
19 12 2 1 3 6 4 25 8 1 0 3 1 41 13 1 2 2 0 47 9 0 1 1 0 3 2 1 3 2 0 1 2 0 40
9 8 1 1 4 4 4 26 12 3 2 3 2 41 13 1 3 2 0 52 10 2 2 1 0 1 1 2 2 3 1 1 0 2 44
15 11 1 1 6 4 6 35 14 2 1 6 0 62 19 2 1 4 0 68 9 0 1 1 0 2 3 2 0 1 2 0 0 2 58
13 10 1 1 7 3 6 25 10 1 1 7 0 45 15 1 2 4 0 52 8 1 2 1 0 2 3 3 1 1 3 0 1 1 44
14 10 1 1 4 6 5 29 12 2 3 4 1 58 21 2 1 3 0 65 9 0 1 1 0 2 3 2 1 1 3 1 1 2 56
12 9 2 1 3 2 4 20 7 1 2 2 3 31 9 0 2 1 0 25 0 0 2 0 0 3 0 3 3 1 2 2 2 1 22
13 10 3 3 4 2 4 26 10 2 1 4 0 49 17 1 1 2 0 55 8 0 2 1 0 2 2 3 1 1 2 1 2 2 47
14 10 2 1 6 1 6 25 9 1 3 5 0 58 22 2 1 3 0 65 9 2 3 1 0 1 1 2 2 0 0 1 0 0 55
9 7 0 1 3 1 3 15 6 1 3 2 0 26 9 1 1 1 0 19 0 1 3 0 0 2 3 2 1 1 2 0 1 2 16
18 13 3 2 3 7 5 24 7 1 2 3 3 46 17 2 2 2 4 53 9 0 2 1 4 2 1 1 0 1 0 0 1 2 45
13 10 1 1 7 0 6 27 11 1 2 7 0 55 20 2 2 5 0 68 12 2 3 2 0 2 3 3 1 3 0 0 2 1 57
0 0 0 3 0 8 4 0 0 1 0 0 4 0 0 1 1 0 4 0 0 1 2 0 0 2 3 1 0 1 3 0 1 1 0
6 6 1 2 2 6 3 25 12 3 0 2 3 50 18 2 2 2 0 41 1 1 1 0 0 2 1 1 2 2 2 0 2 0 35
13 9 2 3 3 7 4 21 7 2 2 2 4 35 12 1 1 1 0 34 4 1 1 0 0 3 1 3 2 0 1 2 2 0 29
14 10 1 1 6 4 6 23 8 1 1 5 7 50 19 1 1 4 1 51 7 1 1 1 3 3 0 2 3 3 0 2 0 2 43
15 10 1 2 6 6 6 24 8 1 3 5 1 45 16 1 2 4 0 48 7 0 1 1 0 0 2 3 1 3 2 0 1 1 41
7 7 0 3 7 4 7 19 10 1 2 6 6 44 17 2 2 4 2 54 12 1 1 1 0 3 0 1 1 2 1 2 1 1 46
22 14 2 2 6 2 6 38 12 2 1 6 0 66 21 2 2 4 0 68 6 1 3 1 0 3 3 1 0 1 0 2 2 2 58
12 10 2 0 2 8 6 23 8 2 1 2 5 29 8 1 1 1 0 21 0 1 3 0 0 0 0 3 3 1 3 0 2 2 18
3 4 1 1 1 8 5 0 0 2 1 0 8 0 0 0 2 0 8 0 0 0 2 0 7 3 0 2 0 0 1 2 0 1 0
15 11 2 1 4 4 4 28 10 1 1 3 0 39 10 1 2 2 0 44 6 1 1 1 0 0 2 2 0 2 3 0 1 0 37
9 7 0 1 3 6 3 22 10 1 0 3 0 34 11 0 3 2 0 32 3 1 2 0 1 0 2 1 0 3 0 0 2 1 28
11 8 0 1 4 6 4 26 11 2 1 4 2 53 19 2 1 3 2 60 9 1 2 1 0 1 1 1 0 1 3 2 2 2 51
24 17 3 1 7 0 6 36 10 1 2 6 0 66 22 2 1 4 0 72 9 2 2 1 0 0 0 1 1 1 2 0 0 0 61
13 10 1 1 7 4 6 31 13 1 1 6 0 54 18 1 2 4 0 62 10 2 2 1 0 0 3 3 0 2 3 0 0 0 53
8 8 0 2 3 4 3 19 9 1 1 3 0 38 15 1 3 2 0 44 7 1 2 1 0 2 2 2 0 3 2 0 1 2 38
9 7 1 1 3 3 3 21 9 2 2 3 1 37 13 2 2 2 1 43 9 0 2 1 0 0 0 1 0 0 2 0 1 1 37
14 10 1 1 6 1 6 28 11 2 1 5 1 51 18 3 2 4 0 55 7 0 1 1 0 0 0 1 2 1 1 0 2 1 47
13 9 1 1 3 7 5 22 8 1 1 2 6 32 9 2 1 1 3 26 0 2 1 0 0 1 0 0 1 1 2 1 0 0 22
16 12 2 0 6 0 5 39 15 3 1 6 0 62 18 3 1 3 0 66 8 2 3 1 0 2 3 3 2 0 0 0 2 1 56
13 10 2 1 3 6 4 24 9 2 0 2 0 34 10 2 2 1 0 26 0 1 1 0 0 0 1 0 2 2 1 0 1 0 22
13 10 1 1 6 2 7 28 11 2 2 6 4 46 14 1 3 4 5 60 13 1 2 2 1 3 0 2 0 3 1 2 1 2 51
17 11 1 0 5 0 5 28 10 2 1 5 0 50 18 1 3 4 0 61 12 1 1 2 0 1 1 3 2 3 1 2 1 2 52
11 8 1 1 3 4 3 21 8 1 2 3 6 34 11 0 3 2 1 42 8 0 3 1 0 2 0 0 2 2 3 0 1 0 36
15 11 2 1 3 2 3 29 11 2 2 3 0 43 12 1 2 2 0 50 9 0 3 1 0 3 3 3 0 0 3 2 2 1 43
21 14 2 1 6 0 6 38 13 2 3 6 0 67 22 2 1 4 0 76 11 1 1 1 0 1 3 2 0 3 0 2 0 2 65
17 11 1 0 5 5 5 33 12 2 2 5 0 56 18 2 1 3 0 59 6 1 2 1 0 0 3 0 2 0 3 0 1 1 50
15 11 2 1 5 4 6 26 9 1 2 5 0 48 16 1 1 3 0 59 11 2 1 1 0 1 2 1 3 3 3 1 2 1 50
8 7 1 3 3 4 3 15 6 1 2 2 5 30 12 2 2 1 2 22 0 1 3 0 0 3 0 3 1 1 3 1 1 2 19
5 6 0 3 4 3 4 15 8 1 3 4 5 28 12 1 1 2 5 31 6 0 3 1 0 3 0 3 1 1 3 1 1 2 26
13 10 2 3 5 2 6 25 10 1 1 5 6 42 14 1 2 3 5 48 8 0 2 1 4 3 0 0 0 1 0 1 0 2 41
1 4 0 2 1 8 7 6 6 1 1 1 4 11 5 1 1 0 4 6 0 0 2 0 3 3 2 1 0 2 0 2 2 0 5
5 5 2 1 1 8 4 9 5 1 2 1 6 12 5 2 2 0 8 8 0 0 2 0 7 3 1 3 0 2 0 1 2 0 7
16 11 2 1 6 2 6 29 11 1 1 5 0 56 20 2 2 4 0 59 8 1 3 1 0 0 3 3 2 3 2 0 2 2 50
11 8 1 1 4 5 4 24 10 2 3 4 2 46 17 3 3 3 0 53 9 1 2 1 0 2 1 3 3 3 2 0 1 2 45
15 11 2 2 6 3 6 31 12 2 1 5 0 50 16 1 2 3 0 49 6 1 3 1 0 1 1 0 0 1 2 2 0 1 42
6 6 1 3 3 1 3 18 10 3 1 2 0 34 13 1 2 2 0 44 9 0 1 1 0 2 1 3 0 2 1 0 1 1 38
10 8 1 3 3 7 6 27 12 2 0 4 1 50 17 1 1 3 0 52 6 0 3 1 0 1 3 0 2 3 1 2 1 1 44
13 10 1 1 5 3 6 27 11 1 1 4 0 46 15 1 1 3 0 55 10 0 1 1 0 3 3 1 1 1 0 2 0 1 47
16 12 1 1 6 5 6 38 16 3 1 6 3 57 16 1 1 4 0 63 10 1 3 1 0 3 1 0 3 3 1 2 0 1 54
18 12 2 3 6 2 5 29 10 2 2 5 5 49 16 1 1 3 2 52 6 0 3 1 0 3 0 2 3 1 1 2 0 1 44
8 7 0 1 5 5 6 21 10 2 2 4 5 45 18 3 2 3 1 54 10 0 3 1 0 1 0 3 1 3 1 1 1 2 46
1 3 1 2 0 8 6 0 0 1 1 0 5 4 5 1 2 0 3 4 3 1 2 0 0 3 3 3 2 3 1 1 2 2 3
17 12 3 2 5 1 6 25 8 1 1 4 2 50 18 2 1 3 0 51 6 0 2 1 0 3 0 2 3 1 3 0 1 2 44
13 10 2 3 4 0 3 24 9 1 0 4 0 39 13 2 1 2 0 40 6 0 2 1 0 3 1 0 0 1 0 1 0 1 34
0 0 0 1 0 8 6 1 3 2 2 0 4 7 5 2 1 0 5 6 2 0 1 0 3 1 1 2 0 0 2 2 0 0 5
8 6 0 1 6 3 6 18 9 2 3 5 4 40 16 2 3 3 0 43 7 1 2 1 0 2 0 3 2 3 2 0 0 2 37
12 10 2 3 4 7 5 13 4 1 0 1 8 26 10 1 1 1 2 22 2 1 2 0 0 2 0 1 3 1 1 0 1 1 18
14 11 1 1 7 5 7 35 15 3 2 7 1 60 19 2 1 5 0 73 14 0 2 2 0 0 2 1 3 3 1 0 1 2 62
17 12 2 3 6 1 6 30 11 1 1 6 0 55 17 1 2 5 0 70 14 1 1 2 0 2 2 1 0 3 2 0 2 1 60
16 11 2 2 3 6 4 28 10 2 1 2 8 36 10 2 1 1 5 29 0 0 2 0 0 3 0 0 0 1 3 2 1 2 24
12 9 0 1 6 4 6 20 8 1 3 6 0 42 16 1 1 4 0 48 9 1 3 1 0 2 1 3 1 2 1 0 2 0 41
7 7 1 2 4 0 5 16 8 1 2 3 0 33 13 1 2 2 0 39 7 0 2 1 0 1 3 1 3 3 2 1 1 1 33
7 7 0 1 4 4 5 13 7 1 1 4 0 36 16 2 2 3 0 52 14 2 1 1 0 0 3 1 2 1 1 0 2 2 44
20 13 2 0 3 1 3 33 10 1 1 3 0 51 14 1 1 2 0 56 9 0 3 1 0 0 0 1 0 0 3 0 1 0 48
15 10 1 0 6 1 6 26 9 1 1 6 0 51 18 1 2 4 0 59 11 0 2 1 0 2 3 3 0 3 2 0 1 1 50
14 11 1 2 5 3 5 31 13 2 2 5 0 55 17 2 1 3 0 65 11 0 2 1 0 2 3 2 1 1 3 0 0 2 56
23 15 2 0 5 2 5 44 16 3 1 5 0 61 14 1 2 3 0 65 9 0 1 1 0 0 1 3 3 1 2 1 1 2 56
13 10 2 1 3 2 4 28 11 2 1 3 0 44 13 1 2 2 0 48 7 1 3 1 0 1 2 1 1 3 2 1 2 2 41
10 8 1 3 5 5 6 30 14 2 1 5 3 54 19 2 1 4 0 57 6 0 2 1 0 3 2 1 1 0 3 0 2 0 48
6 6 0 3 3 4 4 19 11 2 2 3 0 36 13 2 1 2 2 42 8 1 3 1 0 2 1 3 0 1 3 1 2 1 35
12 9 1 1 3 3 4 26 11 2 1 3 1 43 14 2 2 2 0 47 6 1 2 1 0 0 0 3 1 0 1 0 2 0 40
20 14 3 1 4 4 4 32 9 1 1 4 0 42 11 1 3 2 0 44 6 0 2 1 0 3 2 1 3 2 2 2 2 0 37
13 10 1 1 4 6 5 26 10 1 0 4 0 45 14 1 2 3 0 49 8 2 2 1 0 2 3 1 1 3 2 0 1 2 41
12 9 1 3 6 3 6 28 11 1 1 5 0 52 17 2 2 4 0 58 9 0 1 1 0 2 2 3 1 1 3 0 1 1 50
12 9 1 2 6 1 6 29 13 2 1 5 0 48 14 1 2 3 0 59 12 1 1 1 0 1 3 1 3 3 1 2 1 2 50
18 13 2 1 6 0 6 35 13 2 2 6 0 62 20 1 1 5 0 74 11 0 2 2 0 3 3 0 1 3 0 0 0 1 63
15 11 1 3 7 2 6 34 13 3 0 6 0 61 20 2 2 5 0 73 12 0 1 2 0 3 1 1 2 1 3 0 1 2 62
11 8 1 2 6 6 6 29 13 3 1 6 2 52 16 1 2 4 0 54 6 1 2 1 0 3 2 2 2 0 3 1 1 0 46
17 11 2 1 4 0 5 25 8 1 2 4 0 46 16 1 2 2 0 55 9 1 1 1 0 1 1 3 3 3 3 2 1 1 46
19 13 2 1 6 0 6 40 15 3 2 5 0 60 15 0 1 3 1 66 9 0 1 1 0 3 2 3 0 2 2 1 2 1 56
19 13 2 1 5 6 6 28 9 1 1 5 0 46 14 1 2 3 0 57 10 0 1 1 0 0 3 0 1 2 3 0 0 0 48
6 6 1 2 2 8 4 16 8 2 1 2 1 35 13 2 2 1 0 28 0 0 1 0 0 1 3 0 2 3 0 2 1 1 23
15 11 1 0 7 1 6 30 13 2 2 7 0 59 20 2 2 4 0 63 7 0 2 1 0 0 2 1 2 2 3 0 2 0 54
13 9 1 1 5 1 5 28 11 1 1 4 0 53 18 1 1 3 0 59 10 1 2 1 0 0 2 3 3 2 0 0 2 0 50
14 10 1 1 4 2 4 30 12 3 1 4 0 49 15 2 2 3 0 58 9 1 1 1 0 0 1 1 3 3 2 0 1 2 49
16 12 2 1 6 3 6 31 11 2 2 6 0 55 17 2 2 4 0 58 8 1 3 1 0 1 2 0 0 3 3 2 0 1 50
19 13 2 1 5 4 6 26 8 1 3 4 0 49 17 1 2 3 0 54 7 1 2 1 0 2 3 2 0 1 2 1 0 2 46
19 12 2 1 5 6 7 32 11 2 3 6 2 57 19 1 2 4 5 58 6 0 2 1 0 1 1 3 0 3 3 2 1 2 49
14 11 2 3 6 2 7 31 12 2 1 6 5 51 16 2 2 4 1 56 8 0 2 1 0 2 0 1 3 1 2 0 2 1 48
16 12 2 1 4 3 4 31 12 1 1 4 3 48 14 1 3 3 0 52 7 0 1 1 0 0 0 1 3 2 2 0 1 0 44
16 11 2 1 6 1 6 33 12 3 3 6 2 55 17 1 2 4 0 56 6 0 1 1 0 2 0 2 1 2 3 0 0 0 48
20 13 2 1 5 6 7 32 10 1 2 4 0 60 20 2 2 3 0 72 12 0 1 1 0 1 3 3 2 2 0 2 1 1 61
3 4 1 0 1 8 4 10 6 2 2 1 0 26 11 2 2 1 0 20 0 1 3 0 0 0 2 0 2 2 0 1 0 0 17
9 8 2 2 2 7 3 22 10 2 1 2 3 30 9 2 2 1 0 25 1 0 1 0 0 3 2 1 1 3 2 1 1 2 21
13 10 1 1 4 6 6 32 13 2 2 4 3 50 16 2 2 3 0 59 11 1 2 1 0 3 1 2 3 1 2 2 1 1 51
18 12 2 1 5 6 6 34 12 2 2 4 1 55 17 1 3 3 0 61 8 0 2 1 1 1 1 2 3 3 0 2 1 2 52
11 8 2 2 2 7 4 22 8 2 3 2 4 31 9 3 1 1 1 24 0 1 3 0 0 3 2 3 1 0 3 1 2 0 21
13 10 2 1 5 5 6 27 11 2 1 5 2 43 13 0 3 3 0 48 7 1 3 1 0 3 2 1 2 2 0 1 2 0 41
15 11 2 1 4 2 4 25 9 2 1 3 0 38 11 2 3 2 0 49 10 0 3 1 0 1 3 0 3 2 2 2 0 0 42
9 7 0 0 6 3 6 27 13 1 0 7 0 49 17 1 3 5 0 63 13 1 3 2 0 1 1 1 1 3 2 2 1 2 54
8 6 1 1 2 4 3 19 8 1 1 2 3 31 11 2 2 1 0 23 0 2 1 0 0 3 2 0 1 1 3 1 0 2 20
20 13 2 0 4 1 4 32 10 2 0 4 0 51 15 2 2 2 0 50 4 1 1 0 0 1 1 1 2 1 1 2 2 2 43
7 6 0 3 3 1 3 19 10 2 1 2 0 33 11 1 1 1 0 30 3 1 2 0 0 3 3 0 2 2 3 2 0 1 25
11 9 2 3 5 6 7 27 11 2 3 6 4 51 17 1 2 3 6 57 9 0 1 1 2 3 1 3 0 0 1 2 2 0 48
23 15 3 2 6 5 6 41 14 2 0 5 5 63 17 2 2 3 0 62 5 0 2 1 0 0 0 1 2 3 0 0 2 2 53
9 7 0 1 3 8 6 15 7 3 2 1 8 9 0 2 1 0 5 3 0 1 2 0 0 3 0 3 1 0 3 1 1 0 2
16 11 1 1 6 6 6 29 10 2 2 7 2 58 21 1 2 5 3 66 11 1 3 1 0 1 1 1 0 2 3 1 2 1 56
18 12 2 0 5 5 6 25 7 0 2 5 0 44 16 1 1 3 0 54 10 1 3 1 0 1 3 0 2 1 2 2 1 1 46
3 4 0 1 1 8 5 9 5 1 0 1 3 4 0 1 2 0 0 6 4 1 1 0 0 3 3 0 3 3 0 1 0 2 5
8 6 1 1 2 7 3 19 10 2 1 2 5 28 9 1 3 1 0 23 1 1 2 0 0 1 1 2 3 3 2 0 0 1 20
7 6 0 2 3 4 3 17 8 2 1 3 1 41 18 2 2 2 0 47 8 1 1 1 0 3 3 0 2 3 2 2 0 2 40
13 10 1 1 6 0 6 23 9 1 3 5 0 51 19 1 1 3 0 58 9 1 3 1 0 3 0 2 1 1 1 1 0 2 49
18 12 2 0 4 2 4 26 8 1 2 4 1 49 16 2 2 3 0 56 9 0 1 1 0 1 0 3 2 0 1 2 2 1 48
14 10 1 3 7 0 7 29 11 1 1 7 0 50 16 1 1 4 0 59 9 0 2 1 0 2 3 0 3 1 2 1 0 2 50
17 12 2 3 5 5 6 32 11 2 0 4 2 49 14 1 1 2 0 58 10 1 2 1 0 3 1 1 3 3 2 2 2 2 50
12 10 1 1 4 3 4 29 12 3 1 3 5 45 13 0 3 2 0 38 0 0 2 0 0 3 0 1 3 3 1 2 2 1 32
0 0 3 0 0 8 5 0 1 1 2 0 3 0 0 2 1 0 0 0 0 1 3 0 0 0 2 0 3 1 3 0 1 1 0
13 10 1 1 4 7 6 25 9 1 1 3 1 48 16 2 1 2 0 49 6 0 2 1 0 0 2 0 2 1 1 0 1 2 42
8 6 0 0 4 6 5 23 11 2 3 4 3 50 18 1 2 3 0 55 7 1 3 1 0 0 1 0 2 0 3 1 0 1 47
10 8 1 1 4 3 4 22 9 1 1 4 0 37 13 0 1 3 0 44 9 1 1 1 0 1 2 1 1 0 2 1 1 1 38
13 10 2 3 3 5 3 26 10 3 3 3 4 40 12 1 2 2 1 43 6 0 1 1 0 3 2 2 1 1 2 2 1 2 36
8 7 1 2 3 7 5 16 7 2 1 2 2 34 14 2 1 2 3 47 11 1 3 1 3 2 2 1 0 1 0 0 2 2 40
12 9 2 3 3 5 3 20 8 1 0 2 7 29 9 1 2 1 2 35 7 0 2 1 2 3 0 1 1 0 0 1 2 1 30
11 9 1 2 5 5 6 21 9 1 1 5 2 48 20 3 2 3 0 59 11 1 3 1 0 2 3 1 2 0 2 0 0 1 50
13 10 1 1 5 5 5 29 12 2 2 5 1 56 19 1 2 4 0 58 6 0 2 1 0 1 2 1 3 3 0 2 1 2 49
11 9 1 1 4 6 5 23 9 2 1 2 7 33 9 2 2 1 1 25 0 0 1 0 0 1 0 3 3 2 3 1 2 0 21
10 7 0 0 3 5 4 23 11 3 0 3 1 38 13 2 2 2 1 49 10 0 2 1 0 1 2 0 0 2 3 2 0 1 42
17 12 2 1 5 2 6 30 10 2 0 4 2 55 19 2 2 3 0 58 6 0 2 1 0 0 0 1 3 2 1 0 0 0 49
18 12 2 2 5 5 5 30 10 1 1 5 4 60 21 2 2 4 5 63 7 0 1 1 0 1 0 0 0 1 2 1 0 1 53
12 9 2 2 2 8 6 21 8 2 2 2 5 33 10 1 2 1 7 27 2 1 2 0 1 2 2 2 0 1 2 0 0 1 23
16 12 3 0 3 1 3 29 10 2 1 3 0 53 17 2 2 2 0 56 8 0 1 1 0 0 1 2 3 2 3 0 1 1 48
11 9 1 2 4 5 5 24 10 2 3 4 0 40 13 1 3 3 0 53 12 2 2 1 0 0 1 3 0 2 3 0 1 0 45
4 4 1 1 1 8 6 0 1 2 2 0 8 0 0 2 2 0 5 3 5 0 2 0 3 2 0 3 1 0 0 0 1 1 3
8 7 0 1 3 3 3 16 8 1 1 3 0 38 16 1 2 2 0 31 0 0 3 0 0 0 3 1 2 2 3 0 2 0 26
11 9 1 2 3 6 4 19 8 1 1 3 6 36 13 1 2 2 5 48 11 1 2 1 1 3 0 0 0 2 2 2 0 0 41
15 12 1 1 7 5 7 21 6 2 1 1 8 31 9 2 2 1 2 25 0 0 2 0 0 3 0 0 3 1 3 1 0 2 21
12 9 1 2 5 7 6 26 11 2 2 5 1 47 16 2 2 3 2 56 10 2 3 1 0 2 3 1 0 1 1 0 2 2 48
17 12 2 1 6 5 6 31 11 2 1 6 2 57 18 2 2 4 0 60 7 1 3 1 0 3 2 2 1 0 2 1 0 1 51
9 8 0 0 6 0 6 26 13 3 1 6 0 55 20 2 1 5 0 65 11 1 1 1 0 1 3 1 2 1 2 1 2 2 55
22 15 3 1 4 0 4 40 14 3 1 5 0 60 16 2 3 3 0 64 9 0 2 1 0 3 0 3 0 2 1 2 2 0 54
13 10 2 1 4 6 5 24 9 2 2 3 7 18 0 2 2 0 8 13 1 0 3 0 8 1 0 2 0 2 0 2 0 1 11
13 10 1 1 6 2 6 36 16 3 0 6 0 62 20 2 2 4 0 72 11 1 3 1 0 2 2 1 2 2 1 0 2 1 61
12 9 1 1 5 3 6 26 11 2 1 5 0 52 18 2 2 4 0 58 8 0 3 1 0 3 3 0 1 2 0 0 0 0 50
11 9 2 1 3 0 3 21 9 1 1 3 0 37 12 1 1 2 0 48 10 1 2 1 0 0 2 3 0 1 3 0 1 1 41
14 10 1 1 5 4 6 31 12 2 1 5 2 51 16 2 2 3 0 60 9 1 3 1 0 1 2 1 1 3 3 2 1 2 51
11 8 1 2 4 2 4 26 11 3 2 4 0 43 14 0 2 3 0 44 6 0 1 1 0 2 1 3 1 0 1 0 1 1 38
15 11 1 1 5 4 5 26 9 2 2 4 0 52 19 3 1 3 0 59 9 0 2 1 0 1 3 1 3 2 3 2 1 0 50
16 11 2 2 5 6 7 27 9 1 3 5 1 51 17 2 3 3 0 51 6 1 2 1 0 0 2 2 2 2 2 0 0 0 43
13 9 1 2 3 1 4 22 8 1 1 3 0 45 17 2 2 2 0 57 11 0 2 1 0 3 3 2 3 0 3 2 0 0 48
20 14 2 1 6 1 6 37 13 2 2 5 5 48 10 3 1 1 8 45 4 1 3 0 5 3 0 3 0 1 2 2 1 2 38
9 8 1 1 5 4 5 27 13 2 1 5 1 55 20 2 2 4 0 61 8 0 1 1 0 2 1 3 1 2 0 0 1 0 52
14 10 1 2 4 3 4 23 8 1 1 4 0 47 19 1 1 3 0 55 9 1 3 1 0 1 3 1 3 0 0 1 1 1 47
10 8 1 1 4 1 5 19 9 2 2 4 0 45 19 2 3 3 0 50 8 1 2 1 0 2 3 3 0 3 3 0 2 1 43
9 7 1 2 2 7 4 18 8 1 3 2 1 27 8 2 1 1 0 21 0 2 3 0 0 1 3 2 2 2 2 0 0 0 18
9 8 1 0 2 8 5 5 0 1 2 0 8 1 0 1 2 0 5 0 0 0 3 0 1 1 0 2 1 2 1 2 1 0 0
12 9 2 1 2 7 3 16 4 0 2 1 5 32 12 2 2 1 1 26 0 0 3 0 0 1 0 3 1 1 3 2 1 2 22
20 14 2 1 6 1 6 37 13 2 1 6 1 62 19 1 1 4 0 73 12 2 1 1 0 1 0 3 1 2 2 1 2 0 62
21 14 2 1 4 6 5 33 9 2 1 3 6 47 12 0 2 2 0 55 10 0 3 1 0 1 0 1 3 2 3 0 1 1 47
8 7 1 1 2 7 4 12 5 1 3 2 3 21 8 1 1 1 0 22 4 2 1 0 1 1 3 3 2 2 0 1 2 1 19
13 10 2 1 3 3 3 21 8 1 1 3 4 34 12 1 1 2 0 46 11 1 3 1 0 1 0 0 2 3 1 2 1 2 39
12 9 1 1 6 4 5 28 12 2 1 6 0 59 22 3 1 3 0 65 8 1 2 1 0 0 3 0 0 2 2 0 0 1 55
9 7 0 1 7 1 6 22 10 1 0 7 0 46 18 2 2 5 0 57 12 1 2 1 0 0 1 1 1 2 2 0 2 1 49
17 12 1 1 5 5 5 35 13 2 2 5 2 56 17 2 2 3 0 53 5 0 3 1 0 3 2 1 1 0 0 2 2 0 45
14 10 2 1 5 2 6 28 10 1 1 5 0 44 14 1 2 3 0 51 9 0 1 1 0 1 1 3 3 3 0 1 2 2 43
7 7 1 1 2 8 6 17 8 3 2 2 2 30 11 1 3 2 0 36 8 0 2 1 0 1 3 2 1 3 0 2 1 0 30
12 9 1 2 5 4 5 32 14 2 1 5 0 51 15 1 2 3 0 58 9 0 2 1 0 3 1 1 3 1 3 1 2 2 50
11 9 1 1 7 0 6 29 14 3 1 7 0 56 18 2 2 5 0 58 6 1 1 1 1 1 3 3 2 3 0 0 2 1 49
19 13 2 1 3 7 6 26 7 1 2 2 4 35 9 1 1 1 0 39 7 0 2 1 0 3 1 3 3 1 3 0 2 2 33
17 12 2 1 6 4 6 27 10 1 1 6 2 45 14 0 2 4 0 53 9 1 3 1 0 2 1 3 1 1 3 0 2 1 45
10 8 1 1 3 8 6 18 7 2 2 1 8 32 12 3 2 1 6 37 6 2 3 0 2 2 0 3 1 0 2 1 2 1 31
17 12 2 1 6 4 6 27 8 0 0 5 5 50 18 1 1 4 0 57 10 1 2 1 0 2 0 0 2 0 2 0 1 0 49
13 10 2 1 3 4 3 23 8 1 1 3 0 49 18 2 1 2 0 55 9 0 1 1 0 2 2 2 3 1 1 0 0 1 47
10 8 1 1 3 7 6 24 10 2 0 3 0 39 13 1 1 2 0 31 0 2 3 0 0 0 3 1 3 2 3 0 2 1 26
9 7 0 1 6 4 7 21 10 1 1 6 0 45 18 1 2 4 0 55 10 1 1 1 0 3 3 0 0 2 0 2 1 1 47
9 7 0 1 3 7 5 21 10 3 2 2 3 27 7 1 1 1 4 27 4 1 1 0 0 2 3 3 0 2 1 1 1 1 23
19 12 2 1 3 4 3 29 9 3 2 3 3 51 17 3 1 2 1 60 12 1 2 1 0 1 0 3 3 3 1 1 2 1 51
10 9 1 3 5 6 6 21 8 2 2 2 8 29 8 1 2 1 5 34 6 1 1 0 1 3 0 1 0 1 1 2 2 1 29
22 15 2 1 5 5 6 42 14 2 0 5 1 61 16 3 2 3 0 68 10 0 2 1 0 1 2 1 1 2 0 1 2 0 58
16 12 2 1 7 0 6 26 8 1 2 7 0 54 20 2 2 4 0 66 11 0 2 2 0 3 1 0 2 2 3 1 0 0 56
10 8 1 1 4 0 4 22 9 1 3 4 0 42 15 1 2 2 0 51 9 1 2 1 0 0 2 2 2 1 0 0 0 0 44
15 10 2 1 6 0 6 31 13 2 2 6 0 51 16 1 3 4 0 52 6 0 2 1 0 0 2 1 2 3 2 0 1 2 44
13 10 2 1 4 3 5 25 10 2 1 4 0 47 18 2 2 3 0 59 11 0 1 1 0 1 3 3 3 3 1 2 1 2 50
8 8 0 2 5 4 6 20 10 1 1 5 0 46 18 2 2 3 0 47 6 0 1 1 0 0 3 0 0 1 3 0 1 1 40
13 10 1 1 6 4 6 34 14 2 1 6 0 57 17 1 1 4 0 58 7 1 2 1 0 0 3 1 2 0 0 0 1 1 50
8 8 0 2 5 2 6 22 11 2 3 5 0 44 17 1 3 3 0 51 8 1 2 1 0 0 2 3 0 2 1 0 2 0 44
14 10 1 1 4 5 4 23 9 3 2 3 3 35 11 1 2 2 0 40 8 0 1 1 0 1 1 1 1 3 2 1 1 2 34
10 8 0 1 4 0 4 20 8 2 3 3 0 36 13 2 2 2 0 30 0 1 1 0 0 1 2 2 3 3 1 1 0 2 25
19 14 3 3 6 1 6 30 10 1 2 5 2 50 16 0 2 4 3 53 7 0 2 1 0 2 0 3 0 3 1 0 0 2 45
8 7 1 1 3 6 5 22 10 2 1 3 0 37 12 1 2 2 0 48 10 1 2 1 0 1 2 1 2 3 2 2 2 1 40
15 11 2 1 5 2 6 32 12 2 3 4 0 61 21 3 1 3 0 61 6 0 3 1 0 0 3 2 1 1 1 1 0 2 52
18 13 2 1 6 3 6 35 13 2 2 5 3 60 18 1 2 3 0 68 11 1 2 1 0 1 0 3 1 1 1 2 1 1 58
7 7 1 1 3 6 4 15 7 1 1 2 1 33 13 3 1 1 0 28 1 1 1 0 0 2 2 0 2 3 1 1 0 2 24
16 11 1 1 5 1 5 28 9 1 2 5 0 46 14 1 2 3 0 56 10 1 3 1 0 3 2 2 0 3 3 2 0 2 48
15 11 1 0 5 6 6 30 12 2 3 5 3 51 16 1 1 3 3 61 10 0 2 1 0 0 1 1 0 2 2 0 1 1 52
11 9 1 1 3 6 4 25 11 2 2 3 2 47 16 1 2 2 0 46 5 0 2 1 0 0 2 1 3 2 1 1 2 0 39
6 6 1 2 2 8 5 13 7 2 1 1 2 8 0 1 1 0 1 13 5 0 1 0 0 2 3 1 1 1 1 1 2 1 11
17 11 2 2 5 2 6 29 10 3 3 4 0 46 15 1 2 3 0 52 8 0 3 1 0 3 3 3 2 3 0 2 2 2 44
18 13 2 1 6 3 6 31 11 2 1 6 4 51 16 1 2 4 4 54 7 1 2 1 4 0 0 0 0 0 0 0 0 0 46
17 12 2 1 6 4 7 37 15 3 1 6 0 60 17 1 1 4 0 61 7 0 2 1 0 0 1 3 2 1 0 0 2 1 52
15 11 2 1 5 0 5 32 12 2 3 6 0 65 23 2 1 4 0 69 9 0 1 1 0 1 0 3 1 3 0 2 2 1 59
11 9 1 1 4 1 5 17 7 1 3 3 0 31 12 1 1 2 0 42 11 1 3 1 0 2 3 3 2 0 1 0 2 0 36
12 9 1 2 3 2 4 21 8 1 3 3 4 39 13 1 1 2 0 46 8 1 1 1 0 2 0 3 2 1 1 0 1 2 39
14 11 3 0 2 7 4 23 8 2 2 2 1 34 11 3 2 1 0 27 0 1 1 0 0 0 2 2 2 2 0 0 0 0 23
12 9 1 1 4 1 4 28 12 3 1 4 0 49 16 1 2 3 0 55 9 1 2 1 0 3 2 3 2 3 0 1 1 2 47
7 7 1 1 2 0 3 11 5 1 2 2 0 25 11 1 2 1 0 19 0 3 3 0 0 0 2 1 2 0 1 0 2 0 16
9 7 0 1 5 1 6 21 9 2 2 4 0 43 17 1 2 3 0 51 9 2 2 1 0 1 2 1 1 1 0 1 1 1 43
12 8 0 1 6 5 6 29 13 2 3 7 3 62 23 2 1 5 0 76 14 2 1 2 0 3 1 1 1 1 3 1 1 2 64
2 4 1 1 1 8 3 8 6 1 2 2 2 19 9 3 1 1 0 12 0 1 1 0 0 1 2 2 2 1 3 2 0 2 11
16 12 2 1 6 3 6 31 11 1 2 6 0 56 18 2 2 3 0 60 7 1 2 1 0 2 2 1 0 1 2 0 2 1 51
15 11 2 1 6 6 7 38 17 3 1 6 0 64 19 2 1 5 0 77 13 2 3 2 0 1 2 0 2 1 1 2 1 2 65
12 9 1 1 5 6 6 26 11 1 1 5 0 45 14 2 2 3 0 52 8 0 1 1 0 0 1 0 2 3 1 0 0 2 45
16 11 2 1 3 5 4 24 8 2 2 2 6 39 12 1 2 1 2 29 0 1 3 0 0 1 0 1 3 2 2 0 2 0 24
6 6 0 1 5 0 5 21 11 2 1 4 0 41 15 2 2 3 0 52 11 0 1 1 0 0 2 2 3 2 2 0 0 1 44
14 10 1 1 5 4 5 28 11 2 1 4 0 47 15 1 1 3 0 48 5 1 2 1 0 1 3 0 1 1 2 2 0 2 41
10 8 1 1 4 4 5 24 11 1 1 5 2 50 18 2 3 4 0 52 7 1 1 1 0 3 1 3 3 3 2 1 2 1 44
12 10 1 3 4 0 5 20 7 1 3 4 0 44 18 1 2 3 0 50 8 0 3 1 0 3 1 3 2 1 3 2 2 2 42
15 10 1 1 6 1 6 26 10 2 1 6 0 56 21 2 1 4 0 55 5 0 1 1 0 3 1 0 0 3 1 2 0 2 47
0 1 1 1 0 8 4 0 0 2 2 0 5 0 0 2 1 0 6 0 0 0 1 0 2 1 1 2 0 1 2 2 0 2 0
12 9 1 2 5 3 6 21 9 1 1 5 4 42 15 1 2 4 2 51 10 1 1 1 1 1 0 1 1 0 0 2 1 0 43
11 9 1 1 4 2 4 27 12 2 3 4 0 49 16 2 1 2 0 41 0 0 1 0 1 0 2 3 2 2 0 0 1 1 35
19 12 2 1 4 2 4 36 13 2 1 4 0 55 16 1 1 3 0 66 11 1 2 1 0 0 0 0 1 3 1 1 0 2 56
16 12 2 2 5 1 5 32 12 3 2 4 0 55 17 1 1 3 0 66 11 1 1 1 0 1 3 3 3 3 2 2 2 1 56
15 10 1 1 6 3 6 31 12 2 1 7 0 60 20 2 2 5 0 71 12 0 2 2 0 2 1 3 3 3 0 0 2 2 61
0 0 0 2 0 8 4 0 1 0 3 0 5 4 5 2 2 0 3 9 5 0 3 0 6 2 1 3 3 3 0 0 2 2 8
10 8 1 3 3 4 3 19 8 1 1 3 0 37 15 2 2 2 0 37 4 0 2 0 0 1 2 1 2 1 2 2 2 2 32
15 11 2 1 4 7 6 31 11 2 0 4 3 52 17 2 1 3 0 57 8 1 2 1 0 2 1 1 3 3 1 0 2 2 48
17 12 2 3 5 0 5 28 10 1 1 5 0 51 17 1 1 3 0 57 9 1 3 1 0 2 0 0 0 1 3 0 0 2 49
16 11 2 2 3 3 3 23 7 1 0 3 0 40 14 2 3 2 0 45 7 0 1 1 0 3 3 1 3 3 1 2 1 2 38
13 9 1 2 3 7 5 21 8 1 1 3 0 33 11 2 2 2 0 25 0 0 3 0 0 0 3 3 1 2 1 0 2 1 21
9 8 1 1 4 6 5 23 10 2 2 2 7 34 11 1 2 1 0 27 0 0 2 0 1 3 0 0 2 3 0 2 0 2 23
17 13 2 3 5 3 5 27 9 1 2 4 0 54 19 2 1 3 0 65 11 1 3 1 0 3 1 3 1 2 1 2 1 1 55
11 9 1 1 6 1 6 20 9 1 1 7 0 48 20 1 2 5 0 69 16 1 1 2 0 3 1 1 2 3 2 1 2 1 59
19 13 2 1 6 4 6 35 11 2 2 6 0 65 21 2 2 4 0 62 5 0 1 1 0 0 3 1 3 1 0 0 2 2 52
14 10 1 1 5 3 5 25 9 1 2 5 1 44 14 1 3 3 0 49 7 0 3 1 0 1 1 3 1 3 3 1 2 1 42
17 11 3 3 5 5 5 32 12 2 1 4 1 52 15 1 2 3 2 66 12 2 1 1 0 3 2 3 0 1 2 1 2 1 56
6 6 1 1 2 7 4 17 8 1 2 2 5 33 13 2 2 1 0 27 1 1 3 0 0 1 1 1 2 1 3 2 2 2 23
12 9 1 1 4 3 4 23 9 1 2 4 0 45 16 2 2 3 0 52 8 1 2 1 0 3 1 0 3 3 0 1 0 2 44
17 12 2 1 3 5 3 30 11 2 2 3 2 55 17 2 2 3 0 55 7 0 2 1 0 3 3 3 3 2 2 1 2 0 47
15 11 2 1 3 4 4 19 5 0 1 3 1 41 16 1 1 2 0 47 8 0 2 1 0 3 1 1 3 3 2 1 2 1 40
19 12 2 1 5 1 5 32 11 2 2 6 0 59 20 2 2 5 0 74 13 1 1 2 0 2 3 0 3 2 3 0 0 1 63
16 12 1 0 5 2 6 30 11 2 3 4 0 52 17 2 2 3 0 54 7 0 2 1 0 1 3 3 3 1 3 1 2 0 46
12 9 2 1 3 8 6 21 9 1 3 3 5 38 13 0 3 2 1 46 9 1 3 1 0 0 2 1 2 2 3 0 0 0 39
12 9 1 1 7 5 6 25 10 1 2 7 0 52 19 2 3 5 0 65 13 0 1 2 0 0 3 1 1 3 0 0 0 0 55
6 5 0 1 2 8 5 18 10 2 1 2 6 32 11 1 2 1 6 32 5 1 2 0 2 2 1 1 0 3 2 0 2 2 27
6 5 2 3 1 8 5 10 5 2 2 1 2 7 0 0 1 0 0 3 2 2 1 0 0 3 3 3 3 3 1 1 2 1 3
16 12 1 1 6 2 6 30 11 1 1 6 0 54 18 2 2 3 0 54 5 0 2 1 0 3 2 2 3 2 3 2 0 0 46
13 9 1 1 4 7 6 30 13 2 1 4 4 44 12 1 2 2 2 53 10 0 1 1 1 1 1 3 1 0 1 1 2 0 45
17 11 2 1 6 4 6 38 15 2 2 7 0 72 24 2 1 5 0 77 11 0 1 2 0 2 2 3 3 1 2 1 2 1 65
15 11 2 1 5 6 6 29 11 1 0 4 0 48 15 2 1 2 0 59 12 1 2 1 0 1 3 1 2 1 2 1 2 1 50
20 13 2 0 3 7 6 31 10 1 1 3 2 46 13 1 2 2 3 52 7 0 1 1 4 0 2 2 0 3 0 1 0 2 44
15 10 1 1 4 0 5 30 11 2 2 3 0 49 15 2 2 2 0 52 7 1 2 1 0 3 3 1 1 1 2 1 1 1 44
0 2 1 1 0 8 6 0 0 2 2 0 8 4 5 2 1 0 7 0 0 0 1 0 4 2 0 3 1 1 1 1 1 2 0
19 13 2 1 6 0 6 37 13 3 2 6 0 60 18 1 3 4 0 68 10 0 2 1 0 1 3 2 1 3 3 2 1 2 58
16 11 2 1 3 3 3 23 8 3 1 2 1 41 14 3 3 2 0 51 10 0 3 1 0 3 1 0 2 2 1 2 0 0 43
11 9 1 3 6 1 6 28 13 2 1 5 0 51 17 1 3 4 0 54 6 1 3 1 0 2 3 2 3 2 0 0 1 0 46
11 9 1 1 7 2 6 20 9 1 1 7 0 51 22 2 1 5 1 55 6 1 2 1 0 3 3 3 0 3 3 2 2 1 47
13 10 2 0 4 7 6 27 10 2 1 3 1 49 17 2 2 2 0 59 11 2 2 1 0 1 1 1 3 3 1 1 1 2 50
13 10 2 2 4 6 6 23 9 1 1 3 1 46 16 1 1 2 0 57 11 1 1 1 0 0 1 0 3 1 3 0 0 2 48
11 8 1 1 4 5 4 23 9 2 2 4 2 50 19 2 1 3 0 52 6 0 1 1 0 1 1 3 2 2 0 1 2 1 44
16 11 1 0 6 1 5 29 10 1 1 6 0 52 16 1 1 4 0 51 6 1 3 1 0 1 1 1 0 0 3 2 2 1 43
10 8 1 2 6 1 6 21 9 2 3 5 0 45 17 2 2 4 0 46 6 0 2 1 0 2 3 2 1 1 2 0 0 1 39
16 11 2 0 3 2 3 29 11 2 1 3 0 48 15 3 2 2 0 57 11 1 1 1 0 1 3 1 1 3 2 2 2 1 49
17 13 2 1 7 0 7 29 11 1 2 6 0 58 20 2 1 4 0 60 7 2 3 1 0 1 2 0 0 1 0 1 0 2 51
9 7 3 3 1 8 6 6 0 2 2 0 6 11 5 2 1 0 3 13 5 1 1 0 1 2 1 2 2 1 1 0 0 2 11
21 14 2 0 4 5 4 30 8 1 1 4 6 44 13 1 3 3 1 48 7 0 1 1 0 0 0 0 1 3 1 0 1 2 41
20 13 3 3 6 1 6 33 10 1 3 5 4 62 20 2 1 4 0 69 10 0 2 1 0 2 0 1 3 1 0 0 1 1 59
8 7 1 3 3 3 3 17 8 1 2 3 0 38 16 2 3 2 0 48 10 1 3 1 0 1 1 3 2 2 2 0 1 0 41
13 10 1 0 6 2 6 27 11 1 1 5 0 47 16 1 1 4 0 47 6 0 1 1 0 0 3 3 3 3 2 0 2 2 40
12 9 1 1 3 7 4 16 5 1 1 1 8 29 11 2 2 1 3 21 0 1 2 0 5 2 0 0 2 3 0 0 0 1 18
15 11 2 1 7 4 6 34 14 2 1 7 0 65 21 3 2 5 0 77 13 1 2 2 0 3 3 3 1 1 1 0 2 1 65
9 7 3 1 1 8 3 8 3 1 2 1 3 20 10 2 2 1 2 15 0 1 3 0 0 1 1 2 1 1 1 1 0 2 13
11 8 1 1 3 4 3 18 7 1 1 3 0 34 13 1 2 2 0 39 8 1 1 1 0 1 2 1 3 3 2 1 1 2 33
10 8 1 1 3 4 3 18 8 1 1 3 0 42 17 2 2 2 0 51 10 1 1 1 0 1 2 1 3 3 2 2 2 2 43
13 10 2 2 6 1 6 30 13 2 1 6 2 57 20 2 1 4 0 63 9 0 2 1 0 1 0 3 1 0 2 2 2 0 53
10 8 0 1 5 5 6 20 9 1 1 5 0 41 16 2 1 3 0 49 9 0 3 1 0 1 3 0 1 1 2 2 1 2 42
13 9 1 1 4 7 6 28 11 2 1 4 2 47 16 1 3 3 2 52 7 0 2 1 3 0 3 1 0 3 0 0 1 1 44
6 6 1 2 1 8 6 13 6 2 2 1 4 13 2 0 1 0 0 9 0 1 2 0 0 1 1 3 3 1 2 2 1 2 8
19 13 2 1 6 2 6 29 9 1 2 5 0 53 18 1 2 4 0 60 9 1 2 1 0 0 2 0 0 1 3 0 0 2 51
14 10 1 1 4 5 4 27 10 2 3 5 1 59 22 3 1 4 0 64 8 1 3 1 0 2 2 2 3 3 0 0 0 1 54
15 11 1 0 6 4 6 33 13 2 1 6 2 52 16 1 2 4 1 55 7 0 2 1 2 1 1 3 1 0 0 2 1 0 47
4 5 0 1 2 7 3 14 9 1 0 2 5 29 12 2 1 1 0 25 2 0 2 0 0 0 2 0 3 1 1 0 1 2 21
16 11 2 1 5 4 5 35 13 2 1 6 0 59 18 2 3 4 0 61 6 1 3 1 0 0 1 2 0 2 2 0 1 1 52
11 8 1 1 4 5 4 23 10 1 2 4 0 47 18 2 1 3 0 58 11 1 2 1 0 0 2 0 3 0 0 0 0 0 50
15 10 1 1 5 7 7 32 13 3 2 6 4 56 18 2 2 4 2 71 13 1 3 2 0 3 1 1 1 3 3 2 2 2 60
18 12 2 0 5 3 5 29 10 2 1 6 0 49 15 1 2 4 0 55 7 0 2 1 0 1 3 1 0 0 0 2 2 1 47
11 9 1 1 7 5 7 34 15 2 0 6 6 51 14 1 3 4 0 59 10 0 2 1 0 1 0 0 3 2 2 2 0 0 50
17 13 2 1 6 3 6 34 12 1 1 7 0 57 17 1 2 5 0 71 14 0 2 2 1 3 3 1 1 3 0 2 2 2 61
22 14 2 1 6 5 6 37 12 1 0 5 0 64 21 1 1 4 0 67 7 0 2 1 0 1 2 0 3 0 3 1 1 0 57
15 11 1 1 7 0 7 33 13 2 1 7 0 54 17 1 2 4 2 67 12 1 1 2 3 3 2 3 0 1 0 2 0 1 57
15 10 2 2 5 0 6 31 12 2 1 6 0 51 16 0 3 4 0 61 11 1 2 1 0 1 1 3 2 3 1 2 2 2 52
9 8 0 3 4 6 4 24 11 2 0 3 2 44 14 1 3 2 0 47 7 0 2 1 0 3 1 3 2 2 2 1 1 0 40
14 10 2 1 5 6 6 24 8 1 1 4 6 37 12 1 2 2 1 45 9 1 2 1 0 1 0 3 2 3 1 2 2 1 38
13 9 1 1 4 0 4 27 11 2 1 3 0 42 13 2 1 2 0 48 8 1 1 1 0 1 0 0 1 3 1 2 0 2 41
15 10 2 1 3 7 4 19 6 1 0 1 8 26 9 2 2 1 0 31 6 2 1 0 0 1 0 0 3 3 0 1 1 2 26
15 11 1 1 5 0 6 27 10 2 2 5 0 48 16 1 2 3 0 58 10 2 3 1 0 3 2 0 0 2 2 2 0 1 50
10 8 1 3 4 7 6 27 12 2 2 5 4 46 15 1 3 4 0 52 9 0 2 1 0 2 1 1 3 3 3 1 1 1 44
13 10 1 1 5 3 5 29 13 2 1 6 0 52 18 1 1 5 0 67 14 1 1 2 0 1 2 1 3 3 0 1 1 2 57
7 7 0 1 3 7 5 22 11 2 2 3 1 38 14 1 3 2 5 42 7 0 3 1 1 1 2 3 0 2 1 2 1 0 36
20 14 3 1 5 5 5 34 11 1 3 5 1 64 21 3 2 3 3 69 9 0 1 1 0 3 3 3 0 0 1 2 2 0 58
13 9 1 1 6 0 6 26 10 2 2 5 0 51 19 2 1 3 0 55 7 1 2 1 0 0 3 3 1 1 2 0 2 1 47
12 10 2 3 5 0 5 30 12 2 2 4 0 51 16 2 3 3 0 55 8 1 3 1 0 3 1 1 2 1 1 2 2 2 46
16 11 1 1 5 5 6 24 7 0 1 4 0 53 20 2 1 3 0 63 11 1 2 1 0 1 2 1 1 3 1 1 2 2 54
15 11 1 1 6 4 6 34 13 2 1 7 2 61 20 2 1 5 1 72 13 1 1 1 2 3 1 1 0 2 0 2 1 0 61
13 9 0 1 4 6 6 22 9 1 1 4 1 44 16 1 1 2 1 52 10 2 2 1 1 0 3 2 0 1 0 0 0 2 44
11 9 1 1 3 7 5 20 8 2 1 2 6 33 11 1 2 1 0 27 0 2 2 0 0 0 0 1 3 3 1 0 2 2 23
6 6 0 1 5 0 5 14 8 1 1 4 0 35 17 1 2 3 0 41 8 0 2 1 0 1 0 3 0 0 0 2 2 1 35
17 12 2 2 7 5 7 29 10 2 2 4 7 41 12 1 2 2 1 43 7 0 3 1 0 2 0 2 3 2 3 0 1 0 37
18 12 2 1 7 3 6 35 12 2 1 7 0 61 19 1 1 5 0 66 8 0 1 1 0 1 2 2 3 2 2 1 0 0 56
0 2 1 1 0 8 4 0 0 2 3 0 2 7 6 1 2 0 0 8 3 1 1 0 0 0 2 3 3 2 2 0 2 1 7
19 13 2 0 5 0 5 30 10 2 2 4 0 47 14 0 2 3 0 57 10 1 1 1 0 0 2 0 0 0 3 0 0 1 48
14 11 1 1 5 6 6 23 8 1 0 4 7 40 13 1 2 2 6 48 9 1 1 1 1 1 0 1 0 1 1 0 2 2 40
22 15 3 1 6 3 6 46 17 3 1 6 0 60 14 0 2 4 0 63 7 2 1 1 0 0 3 1 0 0 2 0 1 0 53
11 8 1 1 3 4 4 24 10 1 0 3 2 42 13 1 2 2 0 34 0 1 1 0 0 1 2 1 1 1 3 2 2 2 29
11 9 1 2 5 0 5 26 12 2 2 5 0 49 17 1 1 3 0 50 6 0 2 1 0 1 2 3 1 0 2 2 2 0 42
13 9 2 1 3 5 3 25 10 1 0 3 0 44 15 2 1 2 0 54 10 0 1 1 0 0 3 1 1 1 0 0 2 2 46
10 8 0 1 4 3 4 21 8 1 2 3 0 38 14 2 2 2 0 47 11 1 1 1 0 1 3 0 0 3 1 2 0 1 40
15 11 1 1 4 4 5 26 10 2 1 3 2 49 18 2 2 2 0 60 10 0 1 1 0 3 2 0 3 3 2 2 1 1 51
21 14 3 0 7 2 6 34 10 1 1 6 0 68 24 3 1 4 0 76 9 0 1 1 0 1 2 0 2 0 2 2 0 0 64
9 8 0 3 6 5 6 25 11 1 2 6 0 51 19 2 2 4 0 60 11 2 2 1 0 3 2 3 0 1 1 2 2 1 51
7 6 2 1 1 8 6 16 7 2 2 1 3 27 9 2 1 1 0 24 2 0 2 0 0 1 3 0 3 0 0 2 0 1 20
11 9 0 1 6 1 6 29 13 2 1 6 0 49 16 1 2 5 0 61 12 0 1 2 0 0 3 1 3 1 2 0 2 2 52
10 7 2 2 1 8 6 10 3 0 3 1 3 7 0 3 3 0 0 10 5 1 3 0 0 3 1 3 2 3 2 2 2 2 9
20 14 3 2 7 3 7 31 10 0 1 7 0 59 19 1 2 5 0 69 12 1 2 2 0 2 2 3 2 3 1 0 2 1 59
12 9 2 2 3 7 6 26 10 2 3 3 1 43 14 1 3 2 4 52 10 1 1 1 2 1 3 3 0 3 3 2 1 2 44
11 8 2 3 3 6 4 22 10 1 2 4 3 44 16 2 1 2 0 49 9 1 1 1 0 2 1 3 1 0 3 0 2 0 41
11 8 0 2 5 6 6 15 6 0 1 5 3 40 17 0 2 4 0 46 8 1 3 1 0 0 2 0 2 1 3 1 0 1 39
16 11 1 1 5 6 6 34 13 2 0 5 2 59 18 2 2 4 4 69 12 1 1 1 0 3 1 1 0 3 2 1 1 2 59
10 8 1 2 4 6 6 25 11 2 2 4 4 43 15 1 1 3 0 51 8 0 1 1 0 2 1 3 3 1 0 0 2 2 44
9 7 1 1 2 7 3 14 5 1 1 1 7 27 11 1 2 1 2 28 5 2 2 0 0 2 0 1 3 3 3 1 1 2 24
11 8 0 0 4 0 5 27 13 3 2 3 0 41 12 2 3 2 0 49 10 2 1 1 0 1 2 2 2 3 2 1 0 1 41
0 3 2 0 0 8 6 3 4 1 0 0 2 1 2 2 2 0 0 0 0 0 2 0 0 0 1 0 3 2 2 0 0 0 0
11 8 1 3 4 1 5 26 12 2 0 4 0 49 17 2 1 3 0 55 8 1 1 1 0 2 3 3 1 1 1 0 2 2 47
13 9 0 1 5 5 6 22 8 1 2 4 6 32 10 2 1 1 8 25 0 0 3 0 6 3 0 3 0 0 0 2 2 0 21
18 13 3 2 4 2 4 27 9 1 0 3 0 41 12 1 2 2 0 50 10 0 1 1 0 0 3 1 0 2 0 0 2 0 42
10 7 0 1 4 4 4 19 8 1 1 4 0 42 16 1 3 3 0 49 9 0 2 1 0 1 3 3 1 3 3 0 1 2 41
16 12 1 0 7 1 7 26 9 1 3 7 1 52 18 1 2 5 5 63 11 1 2 2 1 0 0 3 0 1 2 0 2 1 53
13 9 1 3 4 1 4 26 10 2 3 3 3 48 16 2 3 2 0 53 7 0 2 1 0 3 0 3 3 2 0 1 1 0 45
5 5 1 2 1 8 4 8 4 2 1 1 7 5 1 1 3 0 8 0 0 0 2 0 6 1 0 2 0 2 1 2 0 1 0
9 7 1 3 4 0 4 19 8 1 1 4 0 39 16 1 1 3 0 54 12 1 2 1 0 2 3 3 1 3 3 0 1 2 46
16 12 2 3 7 4 7 34 13 2 2 7 4 52 15 0 3 5 0 67 14 1 1 2 0 3 0 1 3 3 1 2 2 1 57
14 10 1 1 6 4 7 32 13 2 3 7 1 56 18 0 1 5 4 68 13 0 3 2 1 3 1 3 0 3 2 2 2 2 58
16 11 1 0 6 5 6 26 9 1 2 6 0 52 18 2 2 4 0 62 11 2 2 1 0 0 2 1 0 2 1 0 1 1 52
16 11 1 1 6 4 6 30 11 1 2 6 0 55 18 1 1 4 0 58 6 1 1 1 0 2 2 3 1 3 1 0 2 0 49
16 11 1 1 7 0 7 31 12 1 1 6 0 57 19 2 1 4 0 65 10 0 1 1 0 3 1 1 0 1 2 2 2 2 55
14 10 1 1 4 7 6 27 11 2 2 4 3 43 13 2 3 3 0 47 7 0 2 1 0 3 1 0 2 3 3 1 0 1 40
17 11 2 3 4 3 4 32 11 2 1 5 0 52 16 2 2 3 0 61 10 1 2 1 0 2 2 0 2 3 3 0 1 1 52
9 8 1 2 2 5 3 19 8 2 2 2 3 29 9 2 2 1 0 22 0 1 1 0 0 1 1 1 2 3 1 2 1 1 19
13 10 1 1 5 0 6 28 11 2 3 6 0 50 16 1 2 5 0 50 6 0 2 1 0 1 0 3 1 2 0 2 1 1 43
10 8 1 3 3 6 3 20 8 1 3 4 2 39 15 1 1 3 0 41 6 0 3 1 0 2 3 2 1 2 3 0 0 0 35
16 12 3 1 4 1 4 33 13 3 1 5 0 54 16 1 2 4 0 59 8 0 2 1 0 0 2 1 2 0 0 0 2 1 50
17 12 2 3 6 1 6 21 6 0 2 5 0 43 17 1 2 3 0 51 10 0 1 1 0 3 3 3 2 1 1 2 2 1 44
14 10 1 1 6 0 6 30 13 2 2 7 0 62 22 2 2 5 0 65 7 0 3 1 0 1 1 2 2 3 2 1 1 1 55
6 5 2 2 1 8 5 2 0 2 1 0 8 0 0 1 3 0 6 0 1 1 2 0 2 3 0 1 2 3 3 1 2 2 0
6 6 1 1 2 6 3 13 7 1 2 2 0 18 6 1 3 1 0 12 0 1 2 0 0 1 3 0 3 2 3 2 1 0 10
17 12 2 1 5 2 6 27 8 0 3 5 0 43 13 1 3 3 0 48 7 0 1 1 0 3 1 3 1 3 2 1 2 1 41
7 6 0 0 6 4 6 22 11 1 2 6 0 46 17 1 2 4 0 60 12 2 2 1 0 1 3 0 0 3 1 0 0 1 51
20 14 1 0 7 2 7 36 12 2 1 7 0 59 18 1 2 5 0 64 9 1 2 1 0 3 3 3 1 2 1 1 1 0 54
10 9 1 1 5 4 5 24 10 2 2 5 1 45 15 1 1 4 0 50 7 0 1 1 0 1 2 3 2 2 1 2 1 0 42
10 8 1 2 4 7 5 23 10 2 3 4 1 40 13 1 2 2 5 33 0 1 1 0 7 2 3 2 0 2 0 0 0 0 28
12 9 1 1 7 0 6 28 11 2 1 7 0 48 16 1 3 5 0 49 5 1 2 1 0 0 3 0 3 1 0 0 1 2 42
7 6 1 0 2 8 6 15 7 2 2 2 3 24 9 2 2 1 0 16 0 0 1 0 0 1 2 2 1 3 3 1 0 1 14
27 18 3 0 6 0 6 40 11 1 3 6 0 70 22 2 2 4 0 72 8 0 1 1 0 1 0 3 2 1 1 0 2 2 61
14 11 1 1 5 4 5 25 10 2 1 4 1 45 15 1 2 2 0 57 11 0 2 1 0 3 1 1 2 3 1 1 1 2 49
16 11 1 1 7 1 7 33 13 1 0 7 3 50 14 0 2 5 0 60 11 0 3 2 0 2 0 1 3 2 0 0 0 1 51
18 13 2 1 4 3 5 28 9 1 3 3 5 52 19 2 2 3 1 59 10 1 2 1 0 3 0 3 2 1 2 2 1 2 50
12 9 1 0 3 0 3 28 12 3 3 3 0 36 10 1 2 2 0 49 11 0 2 1 0 0 2 2 3 0 2 0 0 0 42
11 8 1 0 5 5 6 25 11 1 1 5 0 50 18 1 2 3 0 57 10 0 2 1 0 0 2 3 1 2 1 0 2 1 49
16 11 1 1 5 0 4 33 13 2 1 6 0 62 21 2 3 4 0 62 6 2 2 1 0 3 3 1 0 3 3 2 2 2 53
12 9 1 3 4 7 6 25 10 2 3 3 1 46 16 3 2 2 0 52 8 2 2 1 0 2 3 3 3 0 2 1 1 1 44
17 12 2 1 5 3 5 37 14 2 0 4 1 56 15 2 2 3 0 68 12 1 2 1 0 0 1 2 3 3 1 0 0 1 58
16 11 1 2 6 0 6 32 13 2 1 7 0 57 18 2 3 6 0 69 13 1 2 2 0 3 2 3 1 3 3 1 1 1 58
11 9 1 1 3 5 4 19 8 1 2 3 0 40 15 1 2 2 0 46 7 1 3 1 0 1 1 2 0 1 2 2 1 2 39
13 9 1 1 2 8 7 17 5 2 2 1 6 29 11 1 2 1 2 22 0 1 1 0 4 0 1 2 2 2 0 0 1 1 19
15 11 2 1 4 3 4 32 12 2 2 4 3 52 16 2 2 2 4 57 7 2 2 1 2 1 0 0 0 1 1 1 0 1 48
16 12 1 1 6 0 6 25 8 1 1 6 0 47 16 1 2 4 0 53 10 1 3 1 0 1 2 1 1 0 0 1 2 1 45
14 10 1 1 6 5 7 21 7 1 3 4 6 36 12 2 2 2 7 38 6 0 1 1 3 1 0 2 0 3 2 1 1 2 32
18 12 1 2 6 2 6 30 11 1 1 6 3 51 16 2 2 3 2 58 8 1 1 1 4 3 0 3 2 3 0 0 1 2 49
11 8 1 1 2 7 3 18 7 3 2 2 1 31 11 1 2 1 0 29 2 1 1 0 0 0 2 3 2 0 3 0 2 1 24
15 10 2 1 4 2 4 26 9 1 2 4 6 44 15 2 3 3 0 47 6 0 1 1 0 2 0 1 3 3 2 1 2 2 40
6 6 0 3 5 5 5 18 10 2 2 5 1 41 17 1 3 3 2 50 10 1 2 1 0 0 1 0 0 2 3 0 0 0 42
4 5 0 3 3 6 4 6 3 0 0 1 8 23 13 1 2 1 5 17 0 0 2 0 1 3 0 1 1 3 1 2 1 1 14
20 14 2 1 4 6 5 37 13 3 3 4 2 61 18 2 1 3 0 65 8 0 3 1 0 2 1 2 2 2 1 0 0 0 56
16 11 2 3 4 5 5 24 8 1 3 4 3 46 16 0 2 3 0 50 7 0 2 1 0 3 1 3 2 2 3 2 1 1 43
14 10 1 1 6 0 6 27 11 2 3 6 0 48 16 2 2 4 0 61 11 0 1 1 0 1 0 3 2 2 1 2 0 1 52
7 6 0 1 4 3 4 16 9 1 1 4 0 37 16 2 3 3 0 43 8 0 2 1 0 3 1 1 3 3 0 2 1 1 37
16 11 1 1 5 1 6 25 9 1 3 5 0 43 15 1 1 3 0 50 9 1 2 1 0 3 3 3 0 0 2 2 1 0 43
14 10 1 1 3 3 3 24 8 2 3 3 0 41 15 1 3 2 0 50 11 2 2 1 0 0 3 3 3 3 3 0 1 1 42
16 11 2 2 5 3 5 30 11 1 0 5 0 51 17 2 2 4 0 64 12 1 1 2 0 0 2 1 0 2 0 0 1 0 55
12 9 1 0 5 0 5 17 7 0 1 5 0 40 16 1 2 4 0 47 9 0 2 1 0 1 2 2 0 2 1 1 0 1 40
13 9 3 1 2 6 3 20 6 2 3 1 5 21 5 0 2 1 4 13 0 0 2 0 2 0 0 2 1 3 1 0 0 1 11
10 8 0 2 5 2 4 27 12 2 1 5 1 59 22 3 2 4 0 66 11 1 2 1 0 3 2 2 1 3 3 1 1 2 56
14 10 1 1 6 2 6 29 12 2 2 5 0 55 18 2 1 4 0 69 12 0 1 1 0 1 1 0 1 3 2 2 1 1 58
11 8 1 0 4 1 4 22 9 2 3 4 0 43 16 2 2 3 0 57 12 1 2 1 0 1 2 3 2 3 0 2 2 2 49
4 4 1 0 1 8 6 0 0 1 1 0 7 4 5 1 2 0 3 1 1 0 1 0 4 0 0 3 1 2 0 0 2 0 0
12 10 1 2 6 1 7 25 10 2 1 5 0 47 16 1 2 4 0 49 5 0 2 1 0 1 1 0 1 1 1 2 1 1 42
10 9 2 3 5 3 5 22 10 1 0 4 7 40 14 1 3 3 0 45 7 1 3 1 0 3 0 0 3 3 2 2 0 2 38
18 12 2 1 3 5 4 24 6 0 3 3 0 40 13 2 2 2 0 54 12 0 2 1 0 1 3 3 2 2 3 2 1 0 46
14 10 1 3 5 4 6 24 8 1 1 5 0 47 17 1 3 3 0 50 7 0 2 1 0 3 2 2 3 3 1 2 0 2 42
10 7 1 2 2 8 6 22 9 2 3 2 5 34 10 2 2 1 7 30 2 0 3 0 8 3 1 3 0 2 0 2 1 0 26
9 7 1 1 2 8 7 10 3 1 0 0 8 9 3 3 2 0 0 3 0 1 2 0 0 3 0 0 3 2 2 1 0 0 3
11 9 1 1 5 0 5 25 11 1 1 5 0 46 16 2 3 3 0 62 14 1 1 1 0 1 1 3 2 2 1 0 1 1 53
11 8 3 3 1 8 5 16 5 2 2 1 4 26 9 2 3 1 0 20 0 0 2 0 0 3 3 1 3 3 3 1 2 2 17
12 9 2 1 4 0 5 26 11 2 2 4 0 45 15 1 2 3 0 46 7 0 2 1 0 0 1 3 1 1 0 1 2 1 39
